-0.01442338,0.75597835,-0.02646172,-0.02121270,-0.12423899,-0.00649844,-0.02743256,-0.10600014,-0.00075368,-0.00673055,-0.12235523,-0.05479557,-0.01531990,-0.00475466,-0.16986147,-0.00464412,-0.01056731,-0.16791327,-0.03495979,-0.05712083,-0.00910238,-0.15130928,-0.00018247,-0.14816147,-0.03197563,-0.12594575,-0.14353369,-0.16685601,-0.04953121,-0.00008756,-0.11907497,-0.04588640,-0.05866893,-0.01349623,-0.08147291,-0.06073814,-0.12999009,-0.12505901,-0.16527891,-0.00000016,-0.12350418,-0.10190472,-0.03652533,-0.01953986,-0.16051206,-0.05004835,-0.03720771,-0.00231576,-0.03839855,-0.01251824,-0.00767164,1.16234708,-0.00620435,-0.12879087,-0.11907399,-0.07361016,-0.01420239,-0.03883338,-0.03641428,-0.05389430,-0.12114973,-0.02930081,-0.01927288,-0.07728502,-0.04084421,-0.09660590,-0.03011347,-0.16995144,-0.02668073,-0.11785388,-0.06758111,-0.06614184,-0.07427721,-0.10375935,-0.08568197,-0.04937118,-0.11471501,-0.12531945,-0.14966625,-0.10200696,-0.04679796,-0.11148272,-0.05718532,0.25891462,-0.03858224,-0.09704036,-0.04795086,-0.02495005,-0.13552508,-0.07542990,-0.09575916,-0.04083402,-0.02762258,-0.16547266,-0.08515558,-0.14858098,-0.16923749,-0.05696362,-0.08019153,-0.15824312,-0.02602296,-0.00359156,-0.08984813,-0.02564898,-0.02201610,-0.05383829,-0.06384315,-0.16704245,-0.09747656,-0.11137833,-0.06719171,-0.05433791,-0.02561899,-0.00916777,-0.00407827,-0.16951157,-0.12264121,-0.10360451,-0.01970666,-0.00728080,-0.00322708,-0.05350552,-0.16570596,-0.12630357,-0.07693391,-0.07986642,2.27345109,-0.03306259,-0.02864605,-0.01387708,-0.02007654,-0.15982080,-0.04928339,-0.14527325,-0.14278765,-0.02475426,-0.00576549,0.49825805,-0.00540721,-0.06206936,-0.16950068,-0.15346634,-0.00272975,-0.05227843,0.20912230,-0.02095363,-0.00304745,-0.14959748,-0.02755572,-0.05977536,-0.11330543,-0.02231105,-0.06157685,-0.15285903,-0.15173040,-0.08578331,-0.07408143,-0.16726544,-0.16261683,-0.13115065,-0.01458549,-0.10017375,-0.01945432,-0.16487947,-0.15695345,-0.05060132,-0.04879385,-0.00070470,-0.00449085,-0.08783644,-0.01291893,-0.02112277,-0.00039751,-0.11718547,-0.11028814,-0.10288241,-0.03069044,-0.12317991,-0.01913577,-0.03419587,-0.00298884,-0.00112350,-0.09441613,-0.00588382,-0.00248444,-0.14619686,-0.02558373,-0.03589502,-0.14766394,-0.16005999,-0.03522866,-0.00864611,-0.02213043,-0.00247263,-0.00076678,-0.02221490,-0.00705156,-0.15793596,-0.01472893,-0.00590110,0.14276192,-0.16573508,-0.00148093,-0.02811250,-0.04364049,-0.01219118,-0.00346661,0.89067262,-0.07738937,-0.14094646,-0.04233454,-0.07190724,-0.00164677,-0.12910980,-0.08211882,-0.03143105,-0.16656661,-0.00675969,-0.08080302,-0.00747884,-0.08500002,-0.14039993,-0.16882321,-0.10000882,-0.05961111,-0.09940017,-0.03292045,-0.02005288,-0.01185126,-0.01496303,-0.10673696,-0.16167305,-0.00837167,-0.00874837,-0.07475151,-0.14024118,-0.02849778,-0.10879083,-0.02114767,-0.03322630,-0.10608800,-0.15470907,-0.04645026,-0.06657793,-0.02450512,-0.16178371,-0.07102557,-0.07844985,-0.14954622,-0.13639650,-0.16258608,-0.15653183,-0.16606294,-0.00833008,-0.00389174,-0.00301992,-0.00800076,-0.02684987,-0.08171169,-0.00111781,-0.06191431,-0.10582998,-0.15159503,-0.14894861,-0.01101958,-0.00239830,-0.01211314,-0.00634936,-0.03091869,-0.13402039,-0.00289343,-0.00899457,-0.00435007,-0.05864672,-0.00132517,-0.11022738,-0.02364776,-0.01660017,-0.02613593,-0.01926051,-0.08213825,-0.09483938,-0.00595797,-0.05478171,-0.02420647,-0.07458138,-0.03724658,-0.04885646,-0.09532024,-0.10834944,-0.01564437,-0.08801136,-0.05004065,-0.10799028,-0.09180553,-0.05317386,-0.04547260,-0.11463960,-0.00829530,-0.12024937,-0.16815390,-0.03287534,-0.09081979,-0.00132903,-0.00080015,-0.00927911,-0.01003116,-0.07196260,-0.00662897,-0.01295890,-0.07318202,-0.08508154,-0.00000032,0.54680997,-0.07969946,-0.09964640,-0.16683349,-0.03954344,-0.14781362,-0.10278837,-0.15663639,-0.05077882,-0.00722636,-0.01047350,-0.08426354,-0.01949345,-0.14766894,-0.02816894,-0.05202657,-0.03565688,-0.09635432,-0.01358163,-0.00486836,-0.03221671,-0.00000106,-0.01977430,-0.00008283,-0.03477938,-0.05262547,-0.01586970,-0.04199078,-0.16799831,-0.13227971,-0.14802457,-0.00866621,-0.06024684,-0.00117232,-0.12501422,-0.08665744,-0.16190106,-0.16569713,-0.09664152,-0.00566786,-0.01851003,-0.00021880,-0.05175972,-0.01304084,-0.02495484,-0.07703697,-0.01321436,-0.04561270,-0.02943627,-0.16499731,-0.02426079,-0.04878293,-0.01724759,-0.01757640,-0.10967192,-0.08054876,-0.11267988,-0.12477855,-0.11270281,-0.15916879,-0.00177153,-0.01057732,-0.05621048,-0.12031137,-0.16962218,-0.04551020,-0.00894297,-0.02401844,-0.04548978,-0.10336687,-0.03743264,-0.06035697,-0.16970859,-0.00002212,-0.00048872,-0.00688623,-0.02014955,-0.11699439,-0.00225849,-0.16421920,-0.05230738,-0.03239435,0.51917249,-0.00911854,2.05188608,-0.12265243,-0.02668741,-0.16792564,-0.06591525,-0.05632627,-0.01628971,-0.01537374,-0.02297767,-0.01264117,-0.10575567,-0.14662150,-0.15945686,-0.13340959,-0.02024514,-0.14556143,-0.08883023,-0.05780111,-0.01306211,-0.00910407,-0.06070289,-0.00080584,-0.01015568,-0.02235330,-0.00069728,-0.01089679,-0.01277657,-0.12234309,-0.08318186,-0.08028820,-0.02650609,-0.01536349,-0.01909708,-0.04053296,-0.01563293,-0.00982911,-0.00851346,0.06578023,-0.01949084,-0.02715606,-0.16970493,-0.00904797,-0.10713235,-0.03393451,-0.12167250,-0.10395829,-0.06818526,-0.15361087,-0.01624792,-0.00645628,-0.02374018,-0.16992253,-0.03100073,-0.00853934,-0.02508314,-0.01079802,-0.02225384,-0.08519436,-0.07761978,-0.16568908,-0.12280542,-0.10145286,-0.09204140,-0.00076193,-0.02192541,-0.05789844,-0.03773176,-0.00065472,-0.02634062,-0.16337107,-0.08015634,-0.16881403,-0.02860071,-0.11261856,-0.16135482,-0.00206004,-0.09879405,-0.13668744,-0.05770600,-0.01627331,-0.00773808,-0.00099351,0.04153925,-0.02467224,-0.02731156,-0.01728021,-0.03750450,-0.05178135,-0.09704766,-0.00937872,-0.10545518,-0.11297421,-0.13073817,-0.00805191,-0.05445325,-0.10587972,-0.16697030,-0.00016723,-0.00905649,-0.14268102,-0.00689150,-0.16935103,-0.16975938,-0.00863459,-0.03480495,-0.06190507,-0.16981490,-0.02803714,-0.05024249,-0.01098471,-0.01897521,-0.02704708,-0.02429276,-0.00154346,-0.05517397,-0.04403500,-0.03861203,-0.13769740,-0.00608820,-0.03352761,-0.16886827,-0.16843380,-0.02340465,-0.01197947,-0.02757977,-0.04234547,-0.13022590,-0.05523995,-0.02166392,-0.04909346,-0.09703242,-0.00076300,-0.16979609,-0.06568970,-0.15527479,-0.04293389,-0.15722616,-0.10963466,-0.03014318,-0.00733429,-0.01600380,-0.01053804,-0.05317677,-0.09552208,-0.15220401,-0.02268318,-0.12197538,-0.03106908,-0.00195436,-0.15018369,-0.00624827,-0.00681292,-0.01239019,0.46660918,-0.01601498,-0.00072207,-0.00819801,-0.08801481,-0.00009169,-0.16948952,-0.14453286,-0.12826689,-0.00045673,-0.00508421,-0.01300940,-0.05706693,-0.15871917,-0.04244310,-0.01143434,-0.04767559,-0.03505665,-0.01497984,-0.00565884,-0.01021155,-0.07242116,-0.14855164,-0.02498435,-0.01945249,-0.14398192,-0.05963493,-0.00681099,-0.00071486,-0.12509611,-0.16993745,-0.16676036,-0.13749021,-0.09656125,-0.00212446,-0.00030438,-0.05546222,-0.00037836,-0.02689770,-0.00664339,-0.01907675,-0.02878723,-0.10847867,0.18534043,-0.00716515,-0.14552952,-0.13090456,-0.05314062,-0.11819497,-0.01953901,-0.05267342,-0.04985349,-0.13790901,-0.03004496,-0.01552801,-0.01789861,-0.06810749,-0.02959670,-0.06774342,-0.13903999,-0.11405341,-0.02650138,-0.00001758,-0.14907709,-0.00000829,-0.14684857,-0.08864664,-0.06401850,-0.16318573,-0.00048762,-0.02968155,0.00344398,-0.16230787,-0.07417641,-0.07805396,-0.14034484,-0.05890319,-0.07392524,-0.00372682,-0.00181700,-0.10577167,-0.03513624,-0.16686469,-0.00019184,-0.02398211,-0.15857942,-0.14360772,-0.02982347,-0.16478495,-0.00214213,-0.01574829,-0.00009627,-0.05029129,-0.02247792,-0.07471119,0.88078678,-0.15846466,-0.02805471,-0.00900153,-0.08265562,-0.02298782,-0.00008433,-0.08063699,-0.09117558,-0.14543121,-0.02687191,-0.12571633,-0.09316061,-0.12786731,-0.08272308,-0.03879132,-0.07878612,-0.15939726,-0.15710036,-0.03087099,-0.00050304,-0.05238561,-0.00557328,-0.01366779,-0.16364565,0.31422251,-0.01495961,-0.16091134,-0.00048892,-0.06666636,0.04289322,-0.06886864,-0.10433941,-0.01030296,-0.12105724,-0.07755858,-0.00046962,-0.16357978,-0.00836433,-0.03030153,-0.00709556,-0.08273192,-0.13261354,-0.05467783,-0.11184852,-0.00751123,-0.16544765,-0.00898690,-0.12901638,-0.02326928,-0.11905169,0.34363821,-0.00021006,-0.08209297,-0.08610363,-0.01560151,-0.15816554,-0.03071304,-0.04961855,-0.05058992,-0.01234370,-0.04458709,-0.00874394,-0.00350473,-0.13827242,0.01330696,-0.00000016,-0.09465838,-0.10725932,-0.09198787,-0.07477953,-0.12281481,-0.12181158,-0.07032868,-0.00955911,-0.01625667,-0.00188110,-0.04740953,-0.00330330,-0.00018617,-0.13345100,-0.06266394,-0.09695869,-0.03592781,-0.01378674,-0.03764270,-0.07271320,-0.02188426,-0.03360834,-0.00005773,-0.00218186,-0.02667861,-0.01372987,-0.01757764,-0.02134526,-0.05054699,-0.09816188,-0.01710774,-0.00223009,-0.01813200,-0.03376703,-0.02272953,-0.03177467,-0.15124112,-0.00072763,-0.03069733,-0.11811574,-0.06356072,-0.00319163,-0.04306635,-0.16189769,-0.01129939,-0.09885808,-0.04141071,-0.09676363,-0.02569344,-0.01399221,-0.01205963,-0.09748320,-0.07668750,-0.00495546,-0.06070139,-0.09289340,-0.15211610,-0.16637397,-0.09145184,-0.00348112,-0.13145964,-0.03098221,-0.07379680,-0.11684874,-0.01985098,-0.15957746,-0.14979951,-0.16990241,-0.07124098,-0.10363401,-0.05749612,-0.03804066,-0.13720751,-0.00998786,0.92366153,-0.16848509,-0.16881639,-0.13123590,-0.05007279,-0.00498340,-0.07877473,-0.00784190,-0.16955501,-0.11860558,-0.00290342,-0.05401519,-0.02588068,-0.06224566,-0.02057218,-0.02328701,-0.13508844,-0.00785623,-0.02170358,-0.03712749,-0.07230058,-0.08798002,-0.04952985,-0.04149384,-0.07710293,-0.00759655,-0.15345876,-0.02694489,-0.01821450,-0.15321021,-0.11696859,-0.07215467,-0.00038753,-0.06628308,-0.00733789,-0.01976971,-0.04309489,-0.00184660,-0.00290887,-0.00911139,-0.10243452,-0.05743891,-0.03013496,-0.00948554,-0.15722734,-0.13575883,-0.16855413,-0.08567438,-0.00526353,-0.00708543,-0.00957281,-0.10325459,-0.02833303,-0.06831032,-0.09224204,-0.00100965,-0.02674966,-0.03623469,-0.16991718,-0.04645951,-0.03364179,-0.00955102,-0.02169358,-0.01536823,-0.00629116,-0.00421775,-0.00135489,-0.00014191,-0.04041848,-0.15506403,-0.01913980,-0.13076192,-0.02065999,-0.12221473,-0.01207775,-0.09749934,-0.02014738,-0.02622130,-0.16997117,-0.03044100,-0.00308004,-0.00724095,-0.09138626,-0.04755445,-0.04017614,-0.01238772,-0.00659944,-0.06469624,-0.00010550,2.51850271,-0.01444864,-0.09281099,-0.06578236,-0.02006320,-0.10521384,-0.13320163,-0.12319188,-0.01792086,-0.00151336,-0.02998552,-0.00673398,-0.04297675,-0.11879225,-0.02066982,-0.02638010,-0.04922050,-0.00170325,-0.11036221,-0.01456313,-0.00609396,-0.00013801,-0.04554605,-0.10319517,-0.00452695,-0.14344554,-0.11727098,-0.00000177,-0.01822913,-0.01803507,-0.07697387,-0.00807116,-0.06901623,-0.02473349,-0.02633844,-0.01720953,-0.00202345,-0.04402543,-0.09859410,-0.06464529,-0.02184846,-0.10415389,-0.03674353,-0.12532753,-0.02439470,-0.09357035,-0.00022344,-0.01992486,0.35655728,-0.09102799,-0.14889155,-0.04451433,-0.11224307,-0.04634504,-0.02315856,-0.00284705,-0.11355422,-0.03278322,-0.00340946,-0.03751026,-0.01040356,-0.01343451,0.17885111,-0.08847966,-0.00049428,-0.00113824,-0.00522954,-0.00093264,-0.05637248,-0.00722902,-0.00153967,-0.00140953,-0.05615931,-0.00353910,-0.02575414,-0.00199259,-0.04726198,-0.07643075,-0.01286112,-0.16862191,-0.16974871,-0.05016146,-0.00281498,-0.05199665,-0.06303821,0.23496902,-0.16401395,-0.00164336,-0.00231524,-0.09387273,-0.01694418,-0.12439840,-0.12984921,-0.07620637,-0.05502346,-0.03106254,-0.02063435,-0.02422225,-0.13975574,-0.16965929,-0.01055613,-0.10110043,-0.12674330,-0.05851585,-0.01205762,-0.04388176,-0.02071994,-0.16785584,-0.02945863,-0.07398511,-0.03377701,-0.15136394,-0.00147675,-0.01427826,-0.01626128,-0.00105429,-0.07492633,-0.04752509,-0.08713263,-0.12741743,-0.00183297,-0.12777118,-0.13756239,-0.02304269,-0.16408215,-0.00183766,-0.00011682,-0.14813083,-0.05988439,-0.14178856,-0.03107236,-0.03999995,-0.09733832,-0.00601787,-0.00057589,-0.15280360,-0.00256637,-0.04162788,-0.07980357,-0.04130326,-0.00799308,-0.16819645,-0.00095591,-0.03674760,-0.08328705,-0.02038566,-0.12297400,-0.00600694,-0.09155813,-0.00140223,-0.16165476,-0.04452576,-0.02481123,-0.00236357,-0.15701404,-0.14068411,-0.02234760,1.33836401,-0.10372865,-0.00367731,-0.06471083,-0.02366755,-0.12559548,-0.13394801,-0.01711513,-0.00171762,-0.00253774,-0.08941170,-0.00840978,-0.00618200,-0.16987385,-0.00848318,-0.05041323,-0.11651215,-0.02241425,-0.02010843,-0.06218607,-0.00523295,-0.07638416,-0.15026499,-0.01213647,-0.07153381,-0.04858206,-0.11152703,-0.01839551,-0.01915938,-0.09259497,-0.06355209,-0.01583488,-0.05825172,-0.16990629,-0.16787748,-0.00578527,-0.05229086,-0.01884463,-0.03004258,-0.01056406,-0.00000000,-0.00237733,-0.08898538,-0.09500629,-0.10482806,-0.06345806,-0.03675619,-0.02071868,-0.07573487,-0.03472324,-0.13562922,-0.00457429,-0.00079030,-0.00057759,-0.00188021,0.00574900,-0.03400539,-0.10773652,-0.00403554,-0.10889812,-0.03829815,-0.03940918,-0.01282122,-0.04974585,-0.16944955,-0.16809317,-0.00724310,-0.00423676,-0.10566593,-0.04141388,-0.10676681,-0.02113469,-0.00084818,-0.05737174,-0.01218675,-0.12000080,-0.00191605,-0.02028764,-0.15691087,-0.15350251,-0.00213760,-0.04105070,-0.04023039,-0.16878936,-0.07746612,-0.13059507,-0.11352124,-0.02801353,-0.08006531,-0.15008636,-0.00257089,-0.01566147,-0.05003523,-0.01763847,-0.00347949,-0.00822955,-0.02900319,-0.04151360,-0.11381967,-0.16672812,-0.10964154,-0.00838403,-0.06219192,-0.14238515,-0.02804714,-0.03670906,-0.04598765,-0.05004998,-0.02650126,-0.06111600,0.29805613,-0.12482102,-0.11245787,-0.10225780,-0.14291929,-0.01855920,-0.00773466,-0.05739544,-0.04961719,-0.00474107,-0.14312404,-0.00165932,-0.06846531,-0.00898654,0.13529058,-0.09230822,-0.16804095,-0.01359432,-0.02395885,-0.01712678,-0.15632686,-0.06030295,-0.04919958,-0.03911346,-0.13629100,-0.00094518,-0.00730237,-0.07718249,-0.09751385,-0.00458329,-0.04865155,-0.07652942,-0.03380089,-0.16781986,-0.00362093,-0.10133338,-0.04378220,-0.08363322,-0.05148941,-0.15618630,-0.03219634,-0.05432222,-0.00825471,-0.04958408,-0.16883847,-0.13614632,0.04783502,-0.14348933,-0.02991161,-0.05320181,-0.11312266,-0.04046469,-0.00871373,-0.04718627,-0.01140216,-0.03126181,-0.01511554,-0.04424712,-0.00385796,-0.04442993,-0.02113832,-0.08019967,-0.15226828,-0.09356007,-0.16032724,-0.16497082,-0.07698490,-0.07815307,-0.16569805,-0.00564619,-0.08735019,-0.02996139,-0.02817335,-0.14573632,-0.04133820,-0.02896799,-0.06530838,-0.16982421,-0.07218714,-0.11733215,-0.01029304,-0.00670505,-0.16808127,-0.09770602,-0.00149778,-0.00031078,-0.00020411,-0.02439889,-0.10920934,-0.04727199,-0.00052174,-0.10210135,-0.00000000,-0.02427131,-0.00898988,-0.05306513,0.61875957,-0.03703515,-0.07967158,-0.00471198,-0.02133623,-0.06385125,-0.02079229,-0.14216873,-0.00855016,-0.16410396,-0.01304004,-0.00262160,-0.00021027,-0.15604694,-0.00319304,-0.06658357,-0.00151581,-0.12417485,-0.00064252,-0.01346343,-0.00908770,-0.13031270,-0.16278602,-0.00657408,-0.04389236,-0.00002746,-0.14045796,-0.01156275,-0.03220212,-0.02396918,-0.01252593,-0.00806544,-0.02706691,-0.00567560,-0.00045399,-0.00833426,-0.00222983,-0.13040388,-0.05716421,-0.01999131,-0.14571412,-0.16550517,-0.01922030,-0.15034339,-0.04969447,-0.16840725,-0.13932261,-0.01272776,-0.03519911,-0.14076649,-0.03892891,-0.15737361,-0.01200400,-0.11329873,-0.10467097,-0.16755338,0.11828820,-0.00198530,-0.02505697,-0.00300673,-0.01769515,-0.16798091,-0.00205112,-0.01002266,-0.14389928,-0.05980563,0.94313312,-0.03015147,-0.05740715,-0.16977388,-0.05222711,-0.03521974,-0.16844094,-0.03637598,-0.04167872,-0.05122377,-0.03321191,-0.00420569,-0.16802751,-0.05897450,-0.00835793,-0.11299805,-0.07208166,-0.05200056,-0.07595674,-0.00551306,-0.06649150,-0.14725161,-0.02372376,-0.00867700,-0.00988819,1.34498811,-0.02116834,-0.16161551,-0.09080002,-0.00862622,-0.00120556,-0.12519738,-0.06747428,-0.08133741,-0.00199767,-0.04753373,-0.07257891,-0.13844299,-0.14016803,-0.12720597,-0.00727461,-0.10339972,-0.16340643,-0.03917406,-0.07506424,-0.00002187,-0.04099512,-0.00373235,-0.05180222,-0.03306570,-0.16405508,-0.10221408,-0.11330882,-0.06058362,-0.03084321,-0.00443316,-0.13260198,-0.16313146,-0.09340157,-0.00022096,-0.08525543,-0.03323197,-0.14666709,-0.05750360,-0.00063424,0.06893512,-0.02485409,-0.05127681,-0.00037165,-0.05746460,-0.00156115,-0.01802591,-0.03164934,-0.16586013,-0.03405091,-0.16746064,-0.00538346,-0.02945943,-0.12477091,-0.12829113,-0.05486929,-0.15664023,-0.07022813,-0.00077530,-0.10127532,-0.09512132,-0.11497268,-0.15074643,-0.14541611,-0.15012583,-0.13759252,-0.05677325,-0.13990912,-0.01685039,-0.04045486,-0.02475935,-0.08750206,-0.00048691,-0.16432166,-0.16850729,-0.08003064,-0.07634125,-0.09967232,-0.00603008,0.65077728,-0.00538069,-0.05133396,-0.00811464,-0.16724330,-0.00108076,-0.13589388,-0.07394098,-0.01907314,0.00854874,-0.00036203,-0.01653283,-0.02445629,-0.15499325,-0.00589927,-0.06775186,-0.01433441,-0.02419709,-0.16876498,-0.04835726,-0.13017638,-0.01697993,-0.03785834,-0.04323468,-0.00022290,-0.02113165,-0.15663922,-0.00623356,-0.00001324,-0.02593147,-0.00399864,-0.03546780,-0.08691531,-0.05366739,0.14541052,-0.16988301,-0.01462469,-0.03978990,-0.04504080,-0.00602113,-0.16834496,-0.06446323,-0.16810471,-0.08962163,-0.08477469,-0.00548584,-0.09533872,-0.00019847,-0.00132977,-0.01249304,-0.09795837,-0.06480478,-0.07924116,-0.03047030,-0.00130607,-0.06240856,-0.15311138,-0.04410888,-0.07695156,-0.09121724,-0.16208591,-0.14339910,-0.06875566,0.29496929,-0.01790462,-0.04353291,-0.09670970,-0.01095907,0.40413952,-0.04792050,-0.02917034,-0.02685564,-0.03978881,-0.00604198,-0.01392027,-0.03915868,-0.08245092,-0.02693516,-0.01235329,-0.06047293,-0.00729611,-0.14355759,0.74909294,-0.10306954,-0.01386916,-0.02550686,-0.14620636,-0.00302509,-0.14406666,-0.12343837,-0.12925307,-0.00528543,-0.08453717,-0.00265989,-0.08182465,-0.14199695,-0.08634606,-0.01882944,-0.06754453,-0.15739857,-0.16570731,-0.16969480,-0.03517333,-0.04029998,-0.06828535,-0.16174504,-0.00602727,-0.00942793,-0.02724493,-0.08394382,-0.03785034,-0.04766049,-0.16940020,-0.12344129,-0.03484024,-0.00615910,-0.04491949,-0.01547972,-0.01013586,-0.14763319,-0.07155241,-0.00083511,-0.05403879,-0.00626064,-0.16995746,-0.00399936,-0.08713315,-0.15992744,-0.13528636,-0.00094575,-0.00788516,-0.01724853,-0.09334321,-0.08864650,-0.15967180,-0.03766654,-0.00025181,-0.10923363,-0.04647789,-0.06646527,-0.13754383,-0.07980137,-0.05078341,-0.04751770,-0.01241296,-0.00580274,-0.00589182,1.76720965,-0.11700955,-0.13849497,-0.03841953,-0.00087195,-0.01731811,-0.15940182,-0.07209687,-0.04517444,-0.06023766,-0.00438393,-0.08732335,-0.00225581,-0.01557481,-0.08099739,-0.09266022,-0.05217835,-0.01647250,-0.02738209,-0.01961772,-0.07534094,0.27198708,-0.06877908,-0.01429447,-0.16988753,-0.08949338,-0.13676687,-0.07410104,-0.07995836,-0.09466004,0.12692288,-0.00711936,-0.00475026,-0.14637657,-0.02418299,-0.04017713,0.04486461,-0.00062200,-0.01315522,-0.04988009,-0.04203597,-0.16901095,-0.12456243,-0.05358029,-0.12028642,-0.01013364,0.26446304,-0.04198360,-0.01121767,-0.03339652,-0.00138671,-0.09137147,-0.00936271,-0.04501487,-0.00980750,-0.02998616,-0.03635266,-0.15120102,-0.00740438,-0.11806750,-0.01998202,-0.00237630,-0.12572753,-0.13007750,-0.13307166,-0.01271690,-0.08787888,-0.13797863,-0.04982537,-0.09076735,-0.06738986,-0.06706583,-0.03635817,-0.02009264,-0.16114198,-0.00915156,-0.05090835,-0.01287767,-0.02321913,-0.12755840,-0.07534460,-0.09625891,-0.00778987,-0.01284217,-0.00922836,-0.08844452,-0.00069738,-0.00081731,-0.16154240,0.51710153,-0.00078537,-0.03423557,-0.04902619,-0.08400515,-0.01122196,-0.01879190,-0.04889179,0.14537895,-0.00002536,-0.00105795,-0.02207493,-0.11528705,0.01391888,-0.01518812,-0.00740747,-0.03314085,-0.05787160,-0.05324046,-0.04456323,-0.13403460,0.03899737,-0.16767904,-0.04692334,-0.02776630,-0.15098581,-0.01995876,-0.00937901,-0.06967749,-0.00512674,0.49340636,-0.04750577,-0.03577004,-0.16990858,-0.09599954,-0.14462508,-0.01245840,-0.03154375,-0.03375307,0.17561139,-0.14392853,-0.14967833,-0.11227307,-0.11440366,-0.02768229,-0.14462194,-0.01580526,-0.08793687,0.02925998,-0.07568917,-0.00399019,-0.15858322,-0.03668287,-0.08937031,-0.08694035,1.72157800,-0.10729542,-0.00312190,-0.00309694,-0.08147489,0.03345390,-0.02230393,-0.02735521,-0.08978229,0.85386044,-0.02928236,-0.02140770,-0.00138836,-0.01608216,-0.00089576,-0.16994615,-0.07433432,-0.08632011,-0.00593623,-0.08140074,-0.03130056,-0.08718999,-0.00324438,-0.02447007,-0.14642464,-0.00290358,-0.01537426,-0.00168089,-0.08082993,-0.00194248,-0.00433447,-0.14164187,-0.02224790,-0.00415826,-0.14568566,-0.11271775,-0.00694005,-0.00493398,-0.00235127,0.29631194,-0.03690655,-0.03750542,-0.05482463,-0.12086371,-0.00072217,-0.00156512,-0.02137634,-0.03365999,-0.00048620,-0.00845253,-0.00197405,-0.12029015,-0.01587625,-0.12944408,-0.11625201,-0.00048398,-0.00573028,-0.14533477,-0.01294869,-0.00796102,-0.00475489,0.83094388,-0.06457780,-0.04290248,-0.05995934,-0.00021622,-0.15872180,-0.11800377,-0.16939364,-0.11444929,-0.16810037,-0.10941300,-0.05214664,-0.04362463,-0.02657733,-0.06165700,-0.08738197,-0.06561153,-0.04696738,-0.00078092,-0.00055597,-0.00439537,-0.00805951,-0.01974693,-0.01108790,-0.15459044,-0.00077375,-0.00320522,-0.01569931,-0.01940501,-0.00000670,-0.13387755,-0.11070108,-0.01559780,-0.00669744,-0.13653341,-0.00204465,-0.14083184,-0.00004306,-0.05231892,-0.01579093,-0.01099910,-0.06077424,-0.14802296,-0.14010330,-0.00008410,-0.14299697,-0.06675677,-0.00001821,-0.09073722,-0.04174926,-0.01186220,-0.01651749,-0.14635000,-0.08471610,-0.10411376,-0.01087887,-0.01607302,-0.00716567,-0.12314679,-0.00112042,-0.00885221,0.12817881,-0.16647507,-0.16988179,-0.16961437,-0.05055306,-0.00160627,-0.03612667,-0.01241952,-0.00121167,-0.00972032,-0.00470600,0.25818437,-0.06560606,-0.05189126,-0.03301334,-0.06855711,-0.10131737,-0.00446772,-0.12467743,-0.01600761,-0.11363540,-0.00110332,-0.03826512,-0.01009300,-0.02082673,-0.06022580,-0.02916050,-0.14434031,-0.01428907,-0.08483823,-0.06051210,-0.01330561,-0.08628080,-0.16985375,-0.00577092,-0.07366261,-0.15605456,-0.00035197,-0.07650078,-0.16667126,-0.01683751,-0.01009940,-0.03780312,-0.11501970,-0.00078391,-0.04544192,0.04070807,-0.01030011,-0.02693320,-0.16977550,-0.02007593,-0.09515034,-0.13398664,-0.00470804,-0.16584697,-0.07889681,-0.00555731,-0.13748322,-0.04085936,-0.01512204,-0.03725554,-0.01935970,-0.00273558,-0.02201315,-0.00345767,-0.10000699,-0.16968605,-0.00833137,-0.11099305,-0.16508514,-0.10955939,-0.04804487,-0.02088674,-0.01915255,-0.05880234,-0.00416514,-0.01829420,-0.13310324,-0.13861261,-0.15918866,-0.01309563,-0.14168842,-0.09733777,-0.00341620,-0.14889647,-0.09579720,-0.03159969,-0.01214803,-0.00111650,-0.08419048,-0.00321839,-0.16954789,-0.13027234,-0.00006668,-0.00377982,0.21017417,-0.14123638,-0.12963142,-0.10875753,-0.16990145,-0.08244542,-0.02532123,-0.06967235,-0.03088636,-0.14523625,-0.01770254,-0.16922677,-0.16986206,-0.00775295,-0.07968129,-0.00775798,-0.09737892,-0.02843212,-0.08856580,-0.00236822,-0.09770683,-0.15568863,-0.02310417,-0.04636937,-0.02458815,-0.07143033,-0.00309020,-0.01126133,-0.10298683,-0.01795021,-0.16943896,-0.00582531,-0.04047811,-0.00163278,-0.02542988,-0.02278099,-0.01023420,-0.08706428,-0.11230335,-0.09105501,-0.03026683,-0.05345227,-0.09342450,-0.02571819,-0.00050757,-0.16938049,-0.03574132,-0.15261851,0.09452812,-0.02575199,-0.05044336,-0.04561712,-0.01703271,-0.06034214,-0.15608661,-0.08272439,-0.00494569,-0.08620442,-0.15008917,-0.07189807,-0.16886035,-0.02270636,-0.10204366,-0.01984445,-0.00214257,-0.02296145,-0.06101983,-0.01356362,-0.08889616,-0.00293662,-0.03733256,-0.15510674,-0.00671497,-0.12933980,-0.02101498,-0.00268616,-0.01716870,-0.00433280,-0.16795172,-0.00016272,-0.00314682,-0.16975270,-0.00198898,-0.00602044,-0.10285927,-0.03044483,-0.01016841,-0.00352020,-0.06877442,-0.00202135,-0.00012773,-0.12591368,-0.16371571,-0.09566646,-0.03119203,-0.11275358,-0.00998863,-0.02955529,-0.00657057,-0.01034864,-0.05150671,-0.11783915,-0.00851890,-0.14133580,-0.00024647,-0.00073396,-0.01365537,-0.09038944,-0.02235982,-0.14734384,-0.00283813,-0.00665631,-0.15783931,-0.16996978,-0.04950717,-0.03172936,-0.05813776,-0.05512002,-0.01517102,-0.01758927,-0.16943201,-0.07716054,-0.00090892,-0.09959321,-0.04518261,-0.15815197,-0.15320893,0.14482653,-0.00942229,-0.03510812,-0.07415400,-0.13850453,-0.02617973,-0.00957274,-0.04336593,-0.00879253,-0.05926586,0.22160603,-0.03180490,-0.00029734,-0.00010015,-0.06748114,-0.11086921,-0.12867655,0.06313944,-0.09650631,-0.10629410,-0.13764396,-0.07740036,-0.06179969,-0.00387712,-0.08411214,-0.00245816,-0.02954391,-0.01906783,-0.05402001,-0.05970674,-0.00197027,-0.05061862,-0.00013455,-0.01075572,-0.02178971,-0.14167020,-0.05620256,-0.00565814,-0.02939463,-0.12807725,-0.03299223,-0.13245551,-0.06522003,-0.03095999,-0.00667587,-0.12271401,-0.02196130,-0.01414555,-0.02186253,-0.00021740,-0.01862026,-0.02983661,-0.01685767,-0.09834382,-0.11502064,-0.03562514,-0.02329765,-0.15753715,-0.09171654,-0.00416082,-0.00116088,-0.05780090,-0.13970160,0.74738181,-0.09555622,-0.00447881,-0.06613666,-0.04749772,-0.11665601,-0.06968506,-0.15149553,-0.00244986,-0.01377842,-0.15303382,-0.00000135,-0.00000016,-0.06563957,-0.02093739,-0.01302624,-0.02113766,-0.00475057,-0.02985149,-0.12468521,-0.06527104,-0.01565132,-0.02170199,-0.01763257,-0.11773243,-0.00866356,-0.10560569,-0.15095407,-0.00001516,-0.08492295,-0.00167159,-0.14287229,-0.09290770,-0.15643084,-0.00181922,-0.14874554,-0.00111818,-0.04908931,-0.01095887,-0.01150653,-0.13380434,-0.04321991,-0.14000985,-0.00216849,-0.02232997,-0.00149697,-0.00496279,-0.11457228,-0.00415490,-0.01769807,-0.01858206,-0.11758331,-0.13092573,-0.01528032,-0.08160546,-0.01169333,-0.00036007,-0.02436224,-0.00224569,-0.01151699,-0.00683539,-0.14319472,-0.07512283,0.92584378,-0.01816499,-0.05227047,-0.10424503,-0.16353844,-0.00166075,-0.06410804,-0.05031053,-0.01522826,-0.03983178,-0.00396265,-0.06531204,-0.01233787,-0.00227457,-0.06391286,-0.15225297,-0.00442482,-0.08081245,-0.01024085,-0.15922578,-0.04901098,-0.00298282,-0.04787833,0.34724507,-0.12479252,-0.00194309,-0.06321408,-0.03867994,-0.00591570,-0.08128674,-0.01639910,-0.02933561,-0.00239082,-0.02159859,-0.11948501,-0.13619779,-0.07900126,-0.04008961,-0.11184436,-0.01362699,-0.00060815,-0.08398662,0.11172825,-0.02634609,-0.08777612,-0.00155899,-0.00950391,-0.00989838,-0.13263038,-0.02975982,-0.05809472,-0.02162424,-0.07088854,-0.04480998,-0.11936653,-0.11649531,-0.00380900,-0.10756651,-0.05031744,-0.16953591,-0.00117994,-0.00386976,-0.01700425,-0.06470417,-0.00752323,-0.04590934,-0.01195351,-0.01986707,-0.02563662,-0.14372692,-0.16991542,-0.05211884,-0.00337426,-0.01316998,-0.04611389,-0.08461525,-0.12106311,-0.01778674,-0.05881900,-0.14689887,-0.00977495,-0.07234026,-0.04531137,-0.00087769,-0.05413007,-0.00109509,-0.11877570,-0.09071144,-0.08900297,-0.07635656,-0.00240620,-0.04695153,-0.00777750,-0.01340187,-0.03611388,-0.00433201,-0.12155229,-0.01710312,-0.00123776,-0.05371954,-0.00328216,-0.01595575,-0.01888259,-0.02954364,-0.00018443,-0.00435977,-0.00019076,-0.00076271,-0.02457405,-0.03897186,-0.01595976,-0.08205609,-0.11122553,-0.15567873,-0.00940622,-0.16328502,-0.12926036,-0.00608434,-0.06138553,-0.03597845,-0.01890034,-0.00877428,-0.10998479,-0.00381442,-0.15885177,-0.12766792,-0.08130994,-0.08531544,-0.14947233,-0.02929834,-0.00001644,-0.09252916,-0.05681488,-0.00582447,-0.09306018,-0.16728848,-0.13070573,-0.00416034,-0.08055065,-0.06881723,-0.02492847,-0.07823278,-0.04897138,-0.00098972,0.27532965,-0.01265310,-0.04762699,-0.07577822,-0.15716505,-0.00173011,-0.12952942,-0.00121047,-0.11979321,-0.12635206,-0.12395898,-0.10659581,-0.00447700,-0.16247846,-0.16340299,-0.03016748,-0.05202927,-0.00192460,-0.03551558,-0.03037688,-0.08065290,-0.15127878,0.02983187,-0.04563033,-0.04118476,-0.02486552,0.25590953,-0.08883378,-0.00376936,-0.00064518,-0.14424619,-0.09131378,0.60234135,-0.00039494,-0.05010008,-0.00051038,-0.05433463,-0.04893525,0.22185707,0.15706681,-0.07204656,-0.16927981,-0.01039664,-0.04931075,-0.01311908,-0.00734738,-0.10836233,-0.00004150,-0.03738151,-0.13486376,-0.06196935,-0.01505313,-0.07235263,-0.09458648,-0.15399364,-0.12811761,-0.03414687,-0.00247049,-0.16989326,-0.00904180,-0.07519588,-0.00074125,-0.07545259,-0.00066092,-0.08691917,-0.00837613,-0.15973756,-0.11942181,-0.05683503,-0.08374665,-0.00417810,-0.02361237,-0.00149280,-0.00101154,-0.00005809,-0.11628693,-0.02836938,-0.00087549,-0.03571781,-0.06014128,-0.02562659,-0.00530538,-0.08183409,-0.06910104,-0.10703275,-0.01777638,-0.00884729,-0.00840848,-0.16283654,-0.04822233,-0.00178025,-0.00333884,-0.05489167,-0.03407587,-0.01436854,-0.05502224,-0.06024140,-0.14734544,-0.07254862,-0.00860438,-0.02169405,-0.03271256,-0.00365573,-0.15064961,-0.04764705,-0.06708297,-0.15048352,-0.15283822,-0.05500297,-0.09146781,-0.02823405,-0.01043553,-0.01811680,0.13744226,-0.15719248,-0.00311998,-0.14402187,-0.08755328,-0.02477205,-0.00928180,-0.06155583,-0.01718258,-0.00339245,-0.00460808,-0.07424072,0.12570174,-0.01097320,-0.00690680,-0.16992924,-0.12805501,-0.16533889,-0.01034025,-0.04271158,-0.00351791,-0.16574147,-0.00329232,-0.00031602,-0.06019499,-0.00964135,-0.00282938,-0.13537858,-0.00343879,-0.00304654,-0.01946533,-0.03042109,-0.00256527,-0.08561449,-0.14881903,-0.03980870,-0.00076678,-0.00887265,-0.16680561,-0.03184728,-0.01923681,-0.03581891,-0.00144977,-0.03967842,-0.00606548,-0.04804348,-0.00005311,-0.00114141,-0.16608654,-0.01961111,-0.09479417,-0.03713392,-0.03679446,-0.07745603,-0.02142225,-0.04383739,-0.02890269,1.16554701,-0.01767366,-0.10982693,-0.16863008,-0.05822885,-0.07370046,-0.04347400,-0.04332935,-0.07483249,-0.02177002,-0.16547903,-0.03282889,-0.16339330,-0.00661177,-0.00871852,-0.09579899,-0.13742469,-0.01691336,-0.00281852,-0.01923431,-0.00099851,-0.07008704,-0.16259332,-0.16575557,-0.00082232,-0.06074194,-0.00725982,-0.00307029,-0.01121009,1.17281616,-0.10091607,-0.05299080,-0.16628182,-0.14621250,-0.00232576,-0.00279071,-0.00577367,-0.05692839,-0.09295198,-0.11513250,-0.00863460,-0.00115529,-0.12217325,-0.06350606,0.54262477,-0.00060855,-0.00366535,-0.16732359,-0.02683919,-0.10916087,-0.00438918,-0.14329676,-0.05744787,-0.15769385,-0.13990781,-0.05876951,-0.08013948,-0.00014269,-0.07979165,-0.03403485,-0.09638128,0.27061021,-0.15888123,-0.03944238,-0.03293915,-0.08785422,-0.00087415,-0.00040531,-0.08975363,-0.00144450,-0.16792531,-0.00397311,-0.04691231,-0.10828245,-0.00503673,-0.00038280,-0.05818373,-0.03449848,-0.11855602,-0.00032491,-0.15085255,-0.04632318,-0.14294222,-0.00470105,-0.16993855,-0.14937873,-0.00826048,-0.16567363,-0.14240155,-0.16960286,-0.00995109,-0.00882128,-0.03832931,-0.02293041,-0.01746219,-0.16795346,-0.05041855,-0.10517540,-0.08479632,-0.01490215,-0.13703039,-0.04368121,-0.01725298,-0.14894587,-0.09195369,-0.01545208,-0.02225985,-0.05534867,-0.04688336,-0.10193334,-0.12479999,-0.01714160,-0.16931227,-0.02876310,-0.15988626,-0.04905289,-0.15632120,-0.00296366,-0.08443027,-0.06522390,-0.02334355,-0.02536256,-0.04543642,-0.04615791,-0.14840364,-0.10476707,-0.00103774,0.36271912,-0.07156555,-0.06462440,-0.13104329,-0.11901932,-0.14473887,-0.02294214,-0.02786541,-0.00257822,-0.09977576,-0.00761080,-0.01920756,-0.00130378,-0.00602227,-0.02783540,-0.02681181,-0.00253953,-0.01753457,-0.01899287,-0.04051896,-0.16980404,-0.11357667,-0.02583861,-0.12872209,-0.01887837,-0.03220478,-0.03686482,-0.04179612,-0.01341045,-0.11717423,-0.00045745,-0.16996937,0.44803375,-0.00068828,-0.08945112,-0.15058392,-0.02056409,-0.11679391,-0.01157198,-0.00208110,-0.01006327,-0.02970118,-0.11952168,-0.00076755,-0.07790303,-0.08473095,-0.01438265,-0.03720290,-0.14916874,-0.07114415,-0.03112285,-0.13967328,-0.06190742,-0.00808238,-0.02168044,-0.11728574,-0.09285364,-0.15598166,-0.00659338,-0.00459222,-0.01083031,-0.14264679,-0.04009124,-0.12761015,-0.06866174,-0.00067064,-0.16902025,-0.06805429,-0.00439736,-0.04527649,-0.01733765,-0.11961300,-0.04059250,-0.00058862,-0.00269836,-0.03334826,-0.14913686,-0.00679998,-0.14019753,0.74877751,-0.15981723,-0.00222369,-0.01881554,-0.01001150,-0.00058922,-0.01347077,-0.08657604,-0.02603667,-0.16225414,-0.03872258,-0.02157197,-0.15177585,-0.03673423,-0.15889020,-0.07118319,-0.09147924,-0.13759302,-0.00280167,-0.14045231,-0.03859859,-0.16464038,-0.00404366,-0.05676422,-0.07551404,-0.04114157,-0.14709480,-0.03006050,-0.02076704,-0.04481277,-0.11023285,-0.13865528,-0.01452975,0.01639731,-0.01051393,-0.03431193,-0.00447858,-0.09633745,-0.13542631,-0.00013276,-0.11991111,-0.16591044,-0.01939169,-0.00191270,-0.14575484,-0.05380816,-0.12279353,-0.16792525,-0.04552840,-0.00926979,-0.00485552,-0.00017995,-0.08926097,-0.01024884,0.09793063,-0.06159531,-0.01791379,-0.01247840,-0.02446875,-0.00777036,-0.16740517,-0.01471303,-0.03522103,-0.09082286,-0.00051049,0.50707680,-0.01981238,-0.07966338,-0.00292799,-0.06400577,-0.02288038,-0.03358432,-0.00378817,-0.03321033,-0.07883074,-0.12317227,-0.04367749,-0.00252485,-0.05267059,-0.01783990,-0.01361082,-0.12354647,-0.00203860,-0.15158911,-0.01444468,-0.04376220,-0.16925032,-0.02029889,-0.00750170,-0.03786639,-0.09573132,-0.04466857,-0.01435288,-0.02140799,0.33030248,-0.04427917,0.21066667,-0.16731623,-0.04127353,-0.00700973,-0.06745423,-0.12469868,-0.03745320,-0.03453242,-0.15066132,-0.03102644,-0.02489151,-0.03123804,-0.01004203,-0.08287811,-0.00837052,-0.04377766,-0.00731355,-0.00384486,-0.01535682,-0.00623967,-0.02991664,-0.03660919,-0.10757490,-0.07888598,-0.00198696,-0.16185124,-0.00023631,-0.09828333,-0.04138696,-0.01680044,-0.13507313,-0.06764127,-0.12676890,-0.04530435,0.19341668,-0.04996197,-0.11965768,-0.01344993,-0.05211058,-0.06801649,-0.02325177,-0.00260417,-0.15264492,-0.00192733,-0.15792009,-0.16991001,-0.12725398,-0.02420325,-0.06792362,-0.04439098,-0.00260153,-0.06164081,-0.14673749,-0.08719244,-0.16495715,-0.16908215,-0.16953005,-0.08826660,-0.15581046,-0.14427698,-0.04254987,-0.01333234,-0.12771159,-0.09773943,-0.04848922,-0.01810617,-0.02189702,0.19603026,-0.02733567,-0.00014313,-0.07311647,-0.05311869,-0.13158581,-0.03994712,-0.04211111,-0.01108852,-0.16961543,-0.04966469,-0.05845037,-0.01284350,0.44566119,-0.11422807,-0.04653186,2.58650303,-0.10387919,-0.03544419,-0.03951072,-0.03662192,-0.04955039,-0.00065728,-0.00127883,-0.00311332,-0.07286018,-0.00315986,0.08745519,-0.04411793,-0.00711352,-0.16896906,-0.00732047,-0.12828547,-0.01351749,-0.02767264,-0.03855408,-0.00619521,-0.05725081,-0.06656705,-0.00209812,-0.00978469,-0.00233352,-0.01046174,-0.02510229,-0.01590679,-0.00689298,-0.00264393,-0.10334339,0.19190654,-0.16727428,-0.00206179,-0.01124782,-0.04365841,-0.13988556,-0.16839944,-0.06172742,-0.00314491,-0.02458803,-0.14214785,-0.01692435,-0.07131735,-0.10777665,-0.00310010,-0.01657779,-0.01354204,-0.16190203,-0.01801348,-0.07506391,-0.07781318,-0.03287697,-0.01725134,-0.00264232,-0.05989011,-0.02833577,-0.15778819,-0.14221619,-0.10602910,-0.00023257,0.66419774,-0.16887246,-0.14637075,-0.00040295,-0.05934580,-0.06012227,-0.03132175,-0.12527257,-0.07732621,-0.01164874,-0.08474181,-0.16344069,-0.05511902,-0.11310196,-0.00087807,-0.00044301,-0.03808783,-0.00171093,-0.06870897,-0.12127496,-0.00027465,-0.15303345,-0.09327245,-0.15460181,-0.05326889,0.06769845,-0.08836742,0.06177946,-0.16987069,-0.00981296,-0.09999499,-0.00146259,-0.00799351,-0.05140937,-0.02237544,-0.05532936,-0.04332389,-0.01090633,-0.00421359,-0.00064538,-0.00141326,-0.07639182,-0.00368503,-0.00403137,-0.00504054,-0.04243087,-0.09220684,-0.00152367,-0.01989754,-0.04487234,-0.03009317,-0.09835189,-0.14927736,-0.06818440,-0.15174285,-0.05313307,-0.01874684,-0.00100824,-0.01202037,-0.15688847,-0.00205803,-0.04680382,-0.01868490,-0.02171252,-0.07748157,-0.02031333,-0.01149063,-0.01683418,-0.05715052,-0.11123192,-0.08071317,-0.05300974,-0.03295211,-0.01626229,-0.01622031,-0.07509726,-0.03889870,-0.00158864,-0.02549001,-0.04346494,-0.14513668,-0.05661406,-0.03192815,-0.06716505,-0.03910426,-0.04219974,-0.00536664,-0.00353804,-0.10512909,-0.00260383,-0.00000000,-0.05872906,-0.14786698,-0.05262958,-0.09208115,-0.14739750,-0.00228408,-0.13993138,-0.02013538,-0.01056186,-0.02622625,-0.00021406,-0.01378064,-0.16016144,-0.05134221,-0.13771422,-0.08866898,-0.00000000,-0.08939847,-0.03209985,-0.08350592,-0.03519634,-0.02432242,0.07894448,-0.01088245,-0.00063473,-0.08609421,-0.15644871,-0.15541050,-0.16371438,-0.02353502,-0.03117356,-0.00711352,-0.11687565,-0.07092249,-0.04815764,-0.00334247,-0.00636613,-0.15777227,-0.10001728,-0.06378963,-0.00164220,-0.00248324,-0.00777204,-0.00305212,-0.06562268,-0.01071773,-0.12219572,-0.07561181,-0.02708800,-0.02297253,-0.06260411
-0.16180785,-0.02691246,-0.10939686,-0.00002299,-0.14356433,-0.14209764,-0.10504024,0.18135412,-0.00002882,-0.01043885,-0.09722354,0.96525431,0.17700686,-0.00004210,-0.16996862,-0.00702625,-0.00080353,-0.05423342,-0.05470573,-0.04134751,-0.14059159,-0.10663663,-0.00000000,-0.00053638,-0.04396241,-0.10289142,-0.11072479,-0.05034525,-0.02595317,-0.00406776,-0.00973195,-0.16598174,-0.00084338,-0.00205095,-0.01209040,-0.00123998,-0.15421006,-0.02522293,0.20324911,0.04689736,-0.00193129,-0.09977747,-0.03696993,-0.16958164,-0.15100881,-0.10394456,-0.00000696,-0.09919076,-0.06915431,-0.00698809,-0.08467579,-0.16754818,-0.00001720,-0.12855741,-0.10434169,-0.01229126,-0.00296442,-0.00306921,-0.16954617,-0.00293854,0.48256153,-0.03122187,-0.00448816,-0.09581114,-0.00481540,-0.14682266,-0.11944773,-0.08182289,-0.08768216,-0.00566771,0.14182805,-0.08962544,-0.04929227,-0.00448507,-0.14318512,-0.00019097,-0.00000262,0.02048049,-0.08399844,-0.03419675,-0.08036146,0.96403408,-0.03591941,-0.09304687,-0.04990384,-0.15601045,-0.01256682,-0.00000076,-0.11991715,-0.05871512,-0.12546155,-0.01650412,-0.05977038,-0.07230008,-0.01077663,-0.14410232,-0.11352958,-0.02882225,-0.07967734,-0.03203245,-0.03306071,-0.08645365,-0.01549398,-0.09420158,-0.09658611,-0.01839907,-0.13747522,-0.16545787,-0.00756213,-0.13126202,-0.11891884,-0.00373219,-0.03723362,-0.03474930,-0.09937510,-0.15524898,-0.15127096,-0.04229207,-0.00984402,-0.00635380,-0.00008456,-0.15781854,-0.07608666,-0.11474603,-0.03195325,-0.16878146,-0.12412725,-0.10208476,-0.03410416,-0.05663287,-0.00658284,0.16532376,-0.15526986,-0.05757103,-0.16167673,-0.13019571,-0.15071794,0.08726650,-0.00381531,-0.00538717,-0.16253220,-0.09418602,-0.00000359,-0.05581843,0.18986879,-0.10687063,-0.11358271,-0.06042814,-0.04591627,-0.15772951,-0.03024061,-0.01922913,-0.11990681,-0.16470261,-0.14286391,-0.00936391,-0.06830013,-0.05836298,-0.00089623,-0.10369225,-0.00334923,-0.05555169,-0.16775113,-0.03519711,-0.12166643,-0.00006221,-0.08273113,-0.00054678,-0.03172658,0.03489054,-0.16952528,-0.02850526,-0.00020064,-0.11589496,-0.00958961,-0.14434041,-0.14365652,-0.07741404,0.07849549,-0.02434127,-0.00609525,-0.04543415,-0.06494848,-0.01418663,-0.00001026,-0.12431113,-0.07516522,-0.04694350,-0.13084848,-0.03050859,-0.05233944,-0.14117301,-0.00000062,-0.00005228,-0.01719384,-0.05972846,-0.01914852,0.51355869,-0.16979574,-0.02459176,-0.12868427,-0.13670926,-0.01374418,-0.02186914,-0.00064291,-0.00007402,-0.16572762,-0.15821193,-0.07093817,-0.09201699,-0.12758413,0.49105224,-0.00002734,-0.05778236,-0.04185158,-0.07594550,-0.16897780,-0.00111874,-0.09112646,-0.01510930,-0.14562559,-0.11097252,-0.13205913,-0.03180570,-0.02385805,-0.00330173,-0.00124820,-0.16990919,-0.00042312,-0.05071570,-0.12424004,-0.16243048,-0.16109614,-0.01764879,-0.00839461,-0.16921964,-0.01570511,-0.10859372,-0.01041158,-0.05148873,-0.10601678,-0.16750461,-0.00392258,-0.15761848,-0.16965184,-0.02945056,-0.14882784,-0.00020119,0.23283987,-0.00375265,-0.02686218,-0.10678887,-0.03502117,-0.03964613,-0.00353853,-0.00547476,-0.09046613,-0.00769207,-0.00836217,-0.13542874,-0.01830136,-0.15373980,-0.16882794,-0.03799037,-0.01380207,-0.03855598,-0.03757561,-0.12303942,-0.16763829,-0.09928656,-0.08923920,-0.01337662,-0.00351586,-0.07035450,-0.16955091,-0.16666852,-0.06263317,0.04131355,-0.03025748,-0.04794272,-0.12939954,-0.00257719,-0.02658164,-0.01862432,-0.03749603,-0.15381175,-0.00634786,-0.09331614,-0.16613053,-0.14688025,-0.02690765,-0.11740242,-0.00851632,-0.00288520,-0.16002803,-0.01521946,-0.04165366,-0.11878123,-0.06832712,-0.09330198,-0.11560480,-0.16355491,-0.16827980,0.20310457,-0.00021686,-0.00198416,-0.07362857,-0.04702483,-0.14003974,-0.10457733,-0.13304238,-0.03667071,-0.00000495,-0.08965018,-0.04181560,-0.01285614,-0.15604182,0.30346510,-0.16811922,-0.04648736,-0.16204570,-0.03395798,-0.00575924,-0.01228067,-0.16065969,-0.01022996,-0.01980070,-0.03035695,-0.04982691,-0.01937691,-0.04924129,-0.05039224,-0.00332458,-0.00132481,-0.00024156,-0.00067172,0.42611182,-0.11426932,-0.16586496,-0.00000062,-0.13301843,-0.16708384,-0.03279504,-0.02627265,-0.00053297,-0.05308053,-0.00077898,-0.02979958,-0.07657222,0.43983072,-0.14087476,-0.15752491,-0.00835664,-0.00459585,-0.00550622,-0.00338726,-0.00943040,-0.08394927,-0.15648519,-0.13953757,-0.05245047,-0.02547026,-0.16238961,-0.12028531,-0.00040357,-0.00295881,-0.00055636,-0.04887891,-0.03376248,-0.05951387,-0.05741383,-0.01894242,-0.16931577,-0.04587792,-0.01405244,-0.16583018,1.24483347,-0.14926514,-0.15966885,-0.00000062,-0.07352764,-0.16496375,0.32441062,-0.01573025,-0.03676997,-0.14639111,-0.06640974,-0.00037661,-0.15659727,-0.07375860,-0.16876803,-0.01518947,-0.02536728,-0.00028575,-0.04035664,-0.16286707,-0.06246290,-0.03135582,-0.12336590,-0.10594209,-0.10745215,-0.00517627,-0.16137137,-0.00506351,-0.16989936,-0.11642890,-0.08688881,-0.01536541,0.13155046,-0.00337288,-0.00168429,-0.14052038,-0.01905433,-0.10520782,-0.00012705,-0.00008364,-0.01695547,-0.09424470,-0.08377537,-0.00872717,-0.06672844,-0.16976522,-0.00494116,-0.00011919,-0.01677385,-0.02208089,-0.15224040,-0.00098434,-0.01133421,-0.00801309,-0.09333532,-0.16979387,-0.05561616,-0.01813590,-0.09489753,-0.07744104,-0.00892014,-0.01646057,-0.13508148,-0.11653262,-0.00351119,-0.03476535,-0.02064352,-0.08033618,-0.00011851,-0.00109901,-0.04557139,-0.06156262,-0.16536067,-0.15535264,-0.12587333,-0.00001985,-0.04541664,-0.00757796,-0.00007913,-0.11052953,-0.09093888,-0.16996926,0.16899593,0.38082626,-0.00098168,-0.01075551,-0.14243534,-0.12996571,-0.16836534,-0.05704704,-0.16993588,-0.10237741,-0.15830447,-0.16752274,-0.03078336,-0.03416598,-0.02294197,-0.04369025,-0.00287655,-0.16996025,0.56759828,-0.00000345,-0.00269396,-0.03265179,-0.09948322,-0.00284377,-0.00010970,-0.00022634,1.69274175,-0.16683634,-0.00457042,-0.16096063,-0.04879376,-0.02843746,-0.00557251,0.06522526,-0.04006040,0.12149980,-0.09485206,-0.00006163,-0.02879848,-0.00014113,-0.09111670,-0.10839663,-0.01103513,-0.16993546,-0.03979024,-0.04017609,-0.12506828,-0.11309995,-0.00001259,-0.11843655,-0.14938410,-0.00276506,-0.00114123,0.76276439,-0.05707802,-0.14693075,-0.10276452,-0.00330586,-0.06760763,-0.01205405,0.04504470,-0.02597688,-0.14387594,-0.00173573,-0.00004774,-0.00934811,-0.06879522,-0.09759149,-0.16858284,-0.00175115,-0.00023738,-0.15925366,-0.10352492,-0.01778401,-0.09648974,-0.15213317,-0.11018589,0.15733689,-0.00000016,0.05584437,-0.00049810,-0.11274426,-0.00791965,0.09630071,-0.04256941,-0.13289465,-0.06571200,-0.00083896,-0.02572601,-0.05335972,-0.00430462,-0.01842568,-0.00009444,-0.00010504,-0.00028923,-0.04838040,-0.15594706,-0.00064154,-0.14329885,-0.12211623,-0.03762641,-0.00263103,-0.00096596,-0.03715636,-0.01718096,-0.14400616,-0.00584719,-0.15912598,-0.06098508,-0.00083136,-0.00706207,-0.01391740,-0.04039846,-0.16885625,-0.06549643,-0.09460831,-0.07084525,-0.01453480,-0.16928358,-0.08541635,-0.00013968,-0.09225675,-0.16698329,-0.00218873,-0.03216727,-0.10579777,-0.01293587,-0.16154484,-0.08868331,-0.00151155,-0.05791102,-0.13811444,-0.05540447,-0.07028737,-0.01764339,0.08421242,-0.10510708,-0.03434884,0.12583196,-0.00490451,-0.12977153,-0.13314569,-0.09769884,0.11993171,-0.15954879,-0.05948785,-0.03497669,-0.05182100,-0.00075028,-0.16584370,-0.05344880,-0.16886042,-0.11313442,-0.08790590,-0.00000289,-0.00439251,-0.00155899,-0.16763540,-0.06070285,-0.16612235,-0.01772938,-0.09405515,-0.03697997,-0.11515495,-0.11280789,-0.01555001,-0.16948774,-0.04010821,-0.00071213,-0.00004427,-0.01048982,-0.00980457,-0.16865957,-0.16623707,-0.01307397,-0.10160075,-0.12567951,-0.15070777,0.27978382,-0.15006503,-0.12251511,-0.00000192,0.21080095,-0.00587087,-0.03390575,-0.08874709,2.31168938,0.09224074,0.12227578,-0.02840050,-0.00220426,-0.03128031,-0.05290718,-0.00583515,-0.00201127,-0.05714327,-0.14868167,-0.09597529,-0.13248289,-0.11413699,-0.16899168,-0.04919238,-0.09316619,-0.16445984,-0.04068398,-0.00876828,-0.04008951,-0.04509336,-0.02787548,-0.00033877,-0.02495421,-0.16709162,-0.00011862,-0.12538667,-0.00643556,-0.00134004,-0.08460330,-0.16169420,-0.16065665,-0.07330897,-0.00867929,-0.06939045,-0.16459906,-0.00816255,-0.12771247,-0.14176060,-0.02619684,-0.00004053,-0.14133105,-0.16878800,-0.06378494,-0.15483527,-0.00431823,-0.14470388,-0.16870481,-0.16622946,-0.00602727,-0.03028262,-0.02620491,-0.00403997,-0.06504063,-0.15532580,-0.10769191,1.00214803,-0.00804669,-0.02253187,-0.00016525,-0.16172478,-0.16617012,-0.00083761,-0.07526856,-0.16976966,-0.10959103,-0.01457026,-0.12436884,1.15436578,-0.00002585,-0.02623121,-0.15935329,-0.02252097,-0.11642847,-0.06886686,-0.03443991,-0.00178255,-0.16046277,-0.00119989,-0.00637508,-0.09622033,0.45208180,-0.09741762,-0.14327772,-0.07956698,-0.06636082,0.12245346,-0.02681551,-0.00554426,-0.03211159,-0.12820682,-0.14838214,-0.00673897,-0.00916091,-0.00666796,-0.12210455,-0.04424003,-0.06030803,0.18149781,-0.01676692,-0.12178990,-0.03803870,-0.14379153,0.18366206,-0.04410403,-0.01976825,-0.14633791,-0.13518648,-0.04732907,-0.09094429,-0.14682572,-0.05422263,-0.16994607,-0.10681643,-0.01716306,-0.10097872,-0.05850564,0.29804340,-0.00282988,-0.01646012,-0.00091474,-0.04143123,-0.01941809,-0.16853696,-0.09587880,0.27388549,-0.15413372,-0.16956055,-0.03285615,-0.03791871,-0.00687189,0.51296020,-0.11967994,-0.04636862,-0.01098066,-0.07115315,-0.05523925,-0.08143963,-0.16763346,-0.00629026,-0.10760064,-0.07984991,-0.00722165,-0.01798395,-0.15445720,-0.01768410,-0.00260502,-0.09134070,0.24589115,-0.16295788,-0.03828717,-0.06053078,-0.09702551,-0.00258767,-0.16996904,-0.10574517,-0.16742615,-0.11414343,-0.15989342,-0.01260320,-0.12258414,-0.16957991,-0.10761922,-0.13097033,-0.01327153,-0.12992363,-0.07997086,-0.16896462,-0.14396355,-0.02355229,-0.13412954,-0.16996269,-0.14621688,-0.04439184,-0.03246554,-0.02376354,-0.00227138,-0.03215230,-0.04946087,-0.00689514,-0.02246636,-0.11059189,-0.00987518,-0.15013336,-0.16648644,-0.00468216,-0.00637825,-0.02636285,-0.00573900,-0.01438524,-0.03167595,-0.00014835,-0.00000000,-0.05657816,-0.00076668,-0.08111764,-0.01498810,-0.00638591,-0.02466079,-0.00451872,-0.16702132,-0.07543177,-0.00204210,-0.00012256,-0.01090166,-0.00426452,-0.00042057,-0.00019162,-0.00000000,-0.16558932,-0.02136843,-0.00037660,-0.04282267,-0.00646784,-0.01978751,-0.00074436,0.29277918,-0.02031146,-0.03430678,-0.08003011,-0.16994289,-0.00751306,-0.00167660,-0.01262742,-0.00003580,-0.09632874,-0.02805715,-0.00005323,-0.02466280,-0.03086367,-0.05025163,-0.00110557,-0.00502472,-0.10081547,-0.01313907,-0.11757927,-0.05978556,-0.09921043,-0.00011986,-0.00497646,-0.16917816,-0.01119390,-0.05737042,-0.06799544,-0.16135554,-0.00902845,-0.00414345,-0.00523574,0.09263518,-0.02005221,-0.03131447,-0.00611818,-0.00055527,-0.16707481,-0.00475206,-0.16986617,-0.03755018,-0.00189408,-0.01228805,-0.14730813,-0.04305952,-0.13011646,-0.05264408,-0.01912448,-0.00027041,-0.05539140,-0.03996311,-0.16972665,-0.03332742,-0.13120280,-0.09077273,-0.09853102,-0.11635840,0.37324509,-0.03081536,-0.00798539,-0.00086975,-0.11413955,-0.09205013,-0.10156137,0.03565863,-0.04152161,-0.08936904,-0.00000999,-0.05752401,-0.04385042,-0.13576443,-0.00026097,-0.00110126,-0.00308587,-0.00032156,-0.00006033,0.18613207,-0.03750097,-0.00617882,-0.00136458,-0.00215257,-0.16965459,-0.12229840,-0.00941785,-0.00003422,-0.00048630,-0.00378201,-0.05662823,0.05793823,-0.00000016,-0.13590169,-0.03589109,-0.00848218,-0.01314986,-0.07437238,-0.09002116,-0.03285806,-0.14181674,-0.16983007,0.27925688,-0.00068377,-0.00045511,-0.00112518,-0.00369342,0.48056877,-0.05028831,-0.14750545,-0.06989405,-0.02927903,-0.16185932,-0.00888895,-0.16917172,-0.10495808,0.20199902,-0.12772986,-0.13235894,0.14437413,-0.15397756,-0.00724936,-0.00206694,-0.00192195,-0.01923810,-0.00136861,-0.14793552,-0.07875919,-0.16917630,-0.03640148,-0.00173841,-0.15133493,-0.01667041,-0.00362950,-0.01475448,-0.00266972,-0.03470159,-0.00000736,-0.11291689,-0.14795206,-0.00605320,-0.14436761,-0.01099643,-0.07779249,-0.04838802,-0.11346537,-0.00061142,-0.01837592,-0.00082876,-0.01739474,-0.02074383,-0.05917345,-0.07201929,-0.07273171,-0.00003969,-0.12923846,-0.00719577,-0.04298848,-0.09894875,-0.00061686,-0.01600939,-0.01511715,-0.02499565,-0.05645260,-0.08760046,-0.10934363,-0.00634778,-0.08970736,-0.02577242,-0.01047073,-0.00001324,-0.02932809,-0.00360160,-0.07165185,1.12475383,-0.01648651,-0.01989386,-0.08779844,-0.03596570,-0.08416737,-0.00229513,-0.00067623,0.00344490,-0.08387853,0.49595234,-0.09502728,-0.16185614,-0.00004259,-0.01593293,-0.11472812,-0.00913817,-0.00195163,-0.00015588,-0.08487926,-0.00992010,-0.15439966,-0.03264846,-0.10746700,-0.00207123,-0.06414302,-0.16333640,-0.06275292,-0.14543268,-0.08662951,-0.15134996,-0.07732905,-0.00245182,-0.03451078,0.34995544,-0.05780849,-0.10879325,-0.11709965,-0.01412325,-0.10932972,-0.00000000,-0.00998445,-0.02045432,-0.09068150,-0.03700274,-0.13690661,-0.03244448,-0.00947026,-0.00096833,-0.03251024,-0.15652755,-0.00399614,-0.05218007,-0.15950446,-0.00620118,-0.00419217,-0.02579289,-0.16394243,-0.00541592,0.19743249,-0.06298355,-0.05789946,-0.00009639,-0.15015286,-0.04774318,-0.14913814,-0.15021032,-0.00226714,-0.00298775,-0.01648450,-0.00042138,-0.00142766,-0.03055706,-0.02179196,-0.00833533,-0.15097764,-0.00261896,-0.00857596,-0.00302426,2.19976759,-0.02959703,-0.00067172,-0.01076741,-0.14567855,-0.14153424,-0.16205277,-0.06264366,-0.09311882,-0.13407716,-0.05284048,-0.04514071,-0.03044748,-0.06911100,-0.06233368,-0.00014813,-0.00031822,-0.14495321,-0.06036814,-0.06363840,-0.15432116,-0.02950432,-0.08844443,-0.08942186,-0.00070989,-0.00009089,-0.16042830,-0.00002573,-0.16248187,-0.16023590,-0.00703039,-0.15933074,-0.07121699,-0.00220157,-0.16582759,-0.04804063,-0.11132621,-0.11623625,-0.01186227,0.63961917,-0.00143813,0.35806152,-0.00013545,-0.05048391,-0.12029023,-0.16768791,-0.00000106,-0.11435029,-0.05216248,-0.00084482,-0.00646236,0.39505365,-0.09751316,-0.08799007,-0.02584274,-0.16847114,-0.00036224,-0.00002436,-0.02691240,-0.05646229,-0.00769477,-0.07112140,-0.00036514,-0.02005162,-0.05448871,-0.03647453,-0.16936499,-0.09156733,-0.00977901,-0.16991492,-0.08622009,-0.00858663,-0.00570222,-0.08030232,-0.04729006,-0.00170387,-0.11723486,-0.16932198,0.10607965,-0.10197967,0.31499365,-0.16987634,-0.00114980,-0.09810749,-0.03517658,-0.01495252,-0.08419997,-0.08548678,-0.04816933,-0.00000576,-0.14794187,-0.00357376,-0.03930968,-0.05747966,-0.07490204,-0.16996641,-0.16289538,-0.12570636,0.13070975,-0.15068115,-0.02464922,-0.04886378,-0.08460218,1.16027856,-0.03779235,-0.01992945,-0.05742204,-0.16960508,-0.00675023,-0.01136146,-0.02367555,-0.01876315,-0.00069044,-0.00837577,-0.13339666,-0.00171244,-0.00005903,-0.00003605,0.60065490,-0.16681641,-0.00078594,-0.00533521,-0.03416114,-0.00000000,-0.08325408,-0.14368801,-0.00114328,-0.00041115,-0.00319288,-0.05104841,-0.09784842,-0.00242199,-0.16974135,-0.00011840,-0.01460091,0.05084609,-0.08540508,-0.00000289,-0.10371730,-0.09785253,-0.04175277,-0.13105756,-0.03300644,-0.04102013,-0.09067316,-0.15671998,-0.09793130,-0.16583969,-0.04293602,0.02854278,-0.07611205,-0.09034768,-0.00688541,-0.13795052,-0.00285478,-0.09990352,-0.16979653,-0.00864332,-0.08315916,-0.13186672,-0.07779016,-0.00000000,-0.09194373,-0.00594041,-0.02702731,-0.00606094,-0.09898914,-0.16976057,-0.14939179,-0.04207887,-0.08605499,-0.12932052,-0.03380392,-0.15752734,-0.16941245,-0.13429031,-0.12599431,-0.09974088,-0.11463016,-0.00315711,-0.09787548,-0.16997048,-0.16967452,-0.14043503,-0.00001998,0.30291343,-0.00228019,-0.14935900,-0.00156016,-0.04512744,-0.16183342,1.53292227,-0.12157211,0.81227261,-0.16105229,-0.04565233,-0.02285041,-0.01786725,-0.01875100,0.22492038,-0.01725347,-0.00020270,-0.16983765,-0.01398449,-0.04405130,-0.00000016,-0.00099331,-0.00287520,-0.14002439,-0.09651470,-0.15129277,-0.12370608,-0.13501807,-0.00319005,-0.09531575,-0.00552643,-0.00749958,-0.00348351,-0.13750499,-0.07544614,-0.01107990,-0.01607980,-0.06767032,-0.02356156,-0.15327884,-0.02453185,-0.04489112,-0.00204945,-0.00254311,-0.00317197,-0.01637022,-0.16872680,0.36672723,-0.11630104,-0.12772548,-0.16236344,-0.03839836,-0.04260004,-0.00021503,-0.01842340,-0.04308373,-0.09884116,-0.00743124,-0.10024773,-0.06222225,-0.05038918,-0.16977158,-0.15797438,-0.09001591,-0.09096564,-0.04986528,-0.00394048,-0.16857912,-0.08833279,-0.07905264,-0.09374557,-0.16703551,-0.04473143,0.08346770,-0.00000749,-0.00162810,-0.00582066,-0.04284261,-0.10071135,-0.01396972,-0.02159900,-0.02335918,-0.00216196,-0.12317347,-0.00211443,-0.00443887,-0.06271064,-0.07334723,-0.00024391,-0.07935362,-0.11402206,-0.05877700,-0.09445620,-0.03411932,-0.01105163,-0.12240188,-0.04157059,-0.01810605,-0.14764561,-0.03524583,-0.11464351,-0.14929843,-0.14239626,-0.05096971,-0.05955079,-0.04376314,-0.01780579,-0.06948310,-0.11332716,-0.00001593,-0.14700907,-0.01545252,-0.00901844,-0.02044424,-0.11088431,-0.07610451,-0.05132653,-0.15871006,-0.10558012,-0.05017855,-0.00008710,-0.16779387,-0.02296560,-0.01140257,-0.10616031,-0.03340753,-0.01350933,-0.05464908,-0.09245670,-0.08602978,-0.04727310,-0.08381651,-0.15811181,-0.16665760,-0.00394282,-0.00033242,-0.00493273,-0.02907826,-0.14923657,-0.00476856,-0.00132986,-0.00775746,-0.00090301,-0.02790345,-0.00052525,-0.00526129,-0.16652735,-0.00015201,-0.01154259,-0.00150602,-0.10417382,-0.02878526,-0.14408684,-0.07012842,-0.15935984,-0.01671691,-0.15268603,-0.02133374,-0.05755183,-0.00233817,-0.00592734,-0.03972203,-0.00669617,-0.16895957,-0.16735776,-0.04088429,-0.00225711,-0.12330372,-0.14618996,-0.00283948,-0.06595999,-0.02995629,-0.11922006,-0.08112470,-0.00713296,0.76010633,-0.16551220,-0.03417785,-0.00802735,-0.16676971,-0.03496563,-0.01082407,-0.00013164,-0.14739019,-0.00047933,-0.11011735,-0.06062828,-0.16649878,-0.03500216,-0.00005025,-0.00086132,-0.00328348,-0.04782466,-0.01086322,-0.16936181,-0.16949625,-0.00049498,-0.00004906,-0.06322320,-0.02937216,-0.00002660,-0.11680607,-0.11724940,-0.06241085,-0.09027600,-0.01166020,-0.14971513,-0.07673162,-0.13760018,-0.12950262,-0.14447065,-0.01723104,-0.00188869,-0.03262543,-0.01668847,-0.03764910,-0.06239251,-0.01575039,-0.07502219,-0.06478525,0.33370641,-0.11020021,-0.08584952,-0.13827355,0.48430958,-0.10926354,-0.00267718,-0.00081134,-0.06995210,-0.16961606,-0.16836281,-0.14348198,0.05064547,-0.11116680,-0.16483340,-0.00197668,-0.15458182,-0.02395314,-0.00012447,-0.05290183,-0.00509658,-0.09428193,-0.00012728,-0.00022343,-0.07314585,-0.00656061,-0.02214956,-0.07080755,0.10283484,-0.10449675,-0.12172073,-0.13320313,-0.02557103,-0.01215456,-0.16198379,-0.01231125,-0.00896564,-0.00360967,-0.00499978,-0.09705310,-0.15631127,-0.03817369,-0.12667324,-0.00043190,-0.00005465,-0.16985977,-0.16781947,-0.15530217,-0.00515703,-0.00308745,-0.02166132,-0.05989394,-0.05407853,-0.00320572,-0.05686739,-0.00379635,0.10662196,-0.16947189,-0.12174051,-0.00371553,0.32078713,-0.15135917,-0.16907243,-0.00016470,-0.16901718,-0.15960683,-0.00442879,-0.15674253,-0.16609970,-0.00975367,-0.01832041,-0.01701134,-0.02063555,-0.00281354,-0.09359320,-0.00093235,-0.00044474,-0.00031183,-0.09413337,-0.08422970,-0.00153154,-0.11415588,-0.03977848,-0.15691897,-0.12834491,-0.02415029,-0.02301757,-0.00924455,-0.16886353,-0.03362807,-0.07093592,-0.16823488,-0.00735237,-0.14432000,-0.04933499,-0.05292534,-0.00703091,-0.03176884,-0.08373996,-0.11837067,0.10832614,-0.10874851,-0.12420473,-0.03978762,-0.00989475,-0.09309926,-0.04943034,-0.05165451,-0.16926454,-0.07200674,-0.11849097,-0.16883112,-0.04159333,-0.16556488,-0.01177441,-0.00585816,-0.15511653,-0.00123527,-0.16369836,-0.14365323,-0.04142918,-0.01789024,-0.12236582,-0.14761537,-0.02565662,-0.00000047,-0.00000000,-0.11271890,-0.07355690,-0.10156325,-0.00028458,-0.16638690,-0.13873461,-0.02329433,-0.01126325,-0.00572753,-0.07569933,-0.01074072,-0.07890263,0.32795680,-0.16748674,-0.02910468,-0.05227376,-0.00482096,-0.00143704,-0.16987801,0.16055630,-0.02679267,0.05511628,-0.07239696,-0.11327050,-0.12896821,-0.05503184,-0.16485502,-0.00122167,-0.00009856,-0.16378731,-0.16910711,-0.07572931,0.38752785,-0.00090349,-0.00003508,0.21372068,0.41339120,-0.00530430,-0.00738448,-0.00328959,-0.07335126,-0.08316679,-0.04453857,-0.01422442,-0.01346461,-0.00861069,-0.16654579,-0.13512275,-0.09009153,-0.16899346,0.02054836,-0.00072948,-0.01385757,-0.16426183,-0.07185002,-0.16492605,-0.07277657,-0.08843712,-0.04918832,-0.00107513,-0.10794418,0.09394608,-0.00057679,-0.01342844,-0.06695194,0.18216924,-0.03215437,-0.00191402,-0.15511437,-0.00272594,-0.00992702,-0.15653647,-0.01936871,-0.15246041,-0.10177764,-0.00670863,-0.16352375,-0.16641593,-0.16939230,-0.00006527,0.05888715,-0.00033159,-0.11869409,-0.06917483,-0.02667283,-0.07748657,-0.00000441,-0.02283832,-0.00025618,-0.01149960,-0.00072918,-0.00328373,-0.16866960,-0.16423941,-0.00790012,1.03549612,-0.00127211,0.17528787,0.35601470,-0.00316725,-0.03111251,-0.00010289,-0.16321734,-0.04708060,-0.00614586,-0.04218885,-0.11058640,-0.06504385,-0.00039051,-0.13376927,-0.07885063,-0.11441990,-0.00716212,-0.16287825,-0.04841890,-0.04457367,-0.16974746,-0.10864928,-0.01985509,-0.13411263,-0.16653000,-0.00007646,-0.11373959,-0.16531025,-0.11900702,-0.03152298,-0.02040399,-0.09045906,-0.13195504,-0.11035386,-0.15054041,-0.04527300,-0.09667776,-0.02822368,-0.00409633,-0.16978820,-0.00205531,-0.02919290,-0.00158666,-0.07603956,-0.03906409,-0.14069238,-0.00161859,-0.01771051,-0.03280558,-0.09034757,-0.00005501,-0.06317050,-0.00988986,-0.16876037,-0.01296349,-0.01845657,-0.05576227,-0.08287332,-0.00091569,-0.02473692,-0.01451289,-0.02714670,-0.04660551,-0.15585729,-0.11358129,-0.00160465,-0.15549280,-0.00328579,-0.00000616,-0.09570462,-0.05974031,-0.05175293,-0.15190081,-0.05373866,-0.16953589,-0.04298392,-0.00027846,-0.01932495,-0.16062164,-0.08902796,-0.16779323,-0.01489338,-0.02304889,-0.06020693,-0.01565260,-0.14761770,-0.03834706,-0.00006749,-0.00021956,-0.01497237,-0.04733897,-0.13618770,-0.14431328,-0.00920897,-0.00079899,0.08110748,-0.00026139,-0.00002074,-0.02393842,-0.00217848,-0.16849905,-0.05604568,-0.01797888,-0.07744901,-0.12557612,-0.01415970,-0.00002747,-0.02188432,-0.13146858,-0.00001116,-0.03902746,-0.16947576,-0.12456170,-0.12018199,0.65697825,-0.00726645,-0.00000973,-0.07066946,-0.00111295,-0.06596018,-0.07033668,-0.11151133,-0.00154762,-0.06333875,-0.08916555,-0.14007764,-0.09107072,-0.06788486,-0.01549808,-0.00076843,-0.01402879,-0.06941465,-0.13101248,-0.06717455,-0.16550340,-0.16970116,-0.00002236,-0.16235682,-0.16942954,-0.16789728,-0.10486060,-0.00694546,-0.00926420,-0.10208767,-0.06082058,-0.00923083,-0.00031926,-0.05265341,-0.09327532,-0.10053676,-0.16558966,-0.16733074,-0.14101721,-0.00319420,-0.00675097,-0.06067207,-0.00066121,-0.02733600,-0.02265039,-0.08124126,-0.16674471,-0.11092301,-0.02121519,-0.03481763,-0.00982716,-0.00005025,-0.02858329,-0.05263220,-0.00403940,-0.16554360,-0.11396291,-0.12071060,-0.00009284,-0.14908043,-0.15200329,-0.16824631,-0.10975555,-0.12576458,-0.10494896,-0.04403586,-0.16088346,-0.05277278,-0.15908062,0.26076430,-0.11890455,-0.00089050,-0.02002475,-0.12093560,-0.00197827,-0.06971143,-0.03214779,-0.00258205,-0.00057769,-0.04200387,-0.15568452,-0.16034295,-0.04106257,-0.06148984,-0.16248900,-0.04112711,-0.00229410,-0.00170235,-0.03522933,-0.00119340,-0.12916422,-0.15750904,-0.16727106,-0.00875094,-0.05399594,-0.06085397,-0.14732151,0.01547009,-0.01029713,-0.16571499,-0.09690036,-0.10704225,-0.05134843,-0.00471780,-0.02616496,0.79098445,-0.12156074,-0.00188189,-0.07433625,-0.08840617,-0.06865887,0.08584003,-0.01052416,-0.02198065,-0.01675699,-0.00565454,-0.00435357,-0.12484852,-0.00169610,-0.00051099,-0.11123504,-0.02482894,-0.14190388,0.31999388,-0.04027250,-0.14580069,-0.15876120,-0.07577236,-0.02013809,-0.16878383,-0.02985577,-0.15828416,-0.16976120,-0.11539540,-0.13017817,-0.00006667,-0.02219884,-0.08313998,-0.07197973,-0.12041663,-0.10836379,-0.01045123,-0.03587991,-0.02948984,-0.00017918,-0.00005560,-0.12782046,-0.03163168,-0.01187280,-0.05010391,-0.04347384,-0.09223945,-0.06989485,-0.02306333,-0.14126945,-0.07051028,-0.00070744,-0.03901047,-0.00509518,-0.09958096,-0.04037026,-0.16337626,-0.06220784,-0.12469863,-0.15832992,-0.00001491,-0.04412897,-0.05468753,-0.00847263,-0.00907067,-0.02629133,-0.11939732,-0.01679837,-0.12136871,-0.02144914,-0.08720077,-0.12939735,-0.15050566,-0.00050445,-0.00211817,-0.00892198,-0.00217683,-0.15434878,-0.14260647,-0.02315896,-0.00005986,-0.00123138,-0.05139690,-0.00074796,-0.16975622,-0.01485964,-0.00801200,-0.16969137,-0.13015886,0.51581055,-0.16988841,-0.00400113,-0.01961464,0.27724588,-0.04505412,-0.07028844,-0.11621363,-0.00130919,-0.00537721,-0.15914041,-0.09577893,-0.00584848,-0.16127907,-0.15052161,-0.11787660,-0.10050184,-0.07999223,-0.02018228,-0.00089089,-0.01614273,-0.00002944,-0.05021895,-0.00079068,-0.14896469,-0.01481450,-0.00001298,-0.16808414,-0.00001885,-0.02031862,-0.08085083,-0.15662359,-0.07757700,-0.15948120,-0.00058216,-0.00021308,-0.11939720,-0.04703333,-0.16177545,-0.00002099,-0.00751759,-0.15637386,-0.16238186,-0.01758082,-0.00077937,-0.00040347,-0.01060347,-0.04413649,-0.03115604,-0.10429505,0.08712166,-0.11558228,-0.00010197,-0.15959935,0.76561403,-0.11654973,-0.02582956,0.00404395,-0.16246523,-0.14841042,-0.09482540,-0.05757745,-0.02169998,-0.06355928,-0.07295151,-0.15858093,-0.00080844,-0.00201644,-0.03042190,-0.00739704,-0.00161823,-0.01465259,0.27736580,-0.07302172,-0.00623778,-0.16959919,-0.06690162,-0.08483090,-0.09427196,-0.03050353,-0.02959034,-0.02301447,-0.05221640,-0.07467546,-0.05191079,-0.00146813,-0.01367152,-0.00000016,0.29794005,-0.02782194,-0.09237262,-0.00485255,-0.05899527,-0.00086257,-0.15350400,-0.00642611,-0.10641420,-0.00629644,-0.00069845,-0.15401517,-0.00044301,-0.10743877,-0.00035104,-0.03078649,-0.08798119,-0.00006104,-0.00005536,-0.11288744,-0.00004631,0.10900458,-0.16755773,-0.00013923,-0.00395354,-0.16985704,-0.00102889,-0.07205643,-0.03779014,-0.00524968,-0.00984045,-0.05900014,-0.00150250,-0.09816165,-0.09371903,-0.13577066,0.00895149,2.94120193,-0.16868997,-0.04359898,-0.00109584,-0.15880366,-0.00044881,-0.05693937,-0.12355480,-0.03885688,-0.13752039,-0.00244822,-0.03733742,-0.02394956,-0.00006033,-0.11953336,-0.01431002,-0.08911712,-0.00016789,-0.01893332,-0.02304409,-0.01766228,-0.16562352,-0.00000331,-0.04895741,-0.03725113,-0.02364597,-0.08408533,0.31244841,-0.03051254,-0.03416000,-0.00145787,0.28092688,-0.11029652,-0.00755624,-0.04046651,-0.16978565,-0.00002623,-0.15650108,-0.03769316,0.77397770,1.35613406,-0.01521490,-0.02987389,-0.00670020,-0.00000603,-0.16921149,-0.14468558,-0.16197293,-0.01530925,-0.14756064,-0.09619093,-0.00011772,-0.10074773,-0.04024418,-0.07238933,-0.11831260,-0.11263130,-0.00733885,-0.13755366,-0.04790700,-0.05975192,-0.04692928,-0.02410294,-0.01556369,-0.00356044,-0.00001720,-0.10845775,-0.13080780,-0.14998351,-0.00009673,-0.00188710,-0.04214801,-0.11176624,-0.00255070,-0.04959438,-0.11884738,-0.00151752,-0.06857357,-0.04094691,-0.00224508,-0.09948935,-0.02346693,-0.02088381,-0.12178736,-0.03313007,-0.14656761,-0.03250607,-0.00742559,-0.13709550,-0.03793838,-0.00918328,-0.10405754,-0.14126348,-0.16235659,-0.07895216,-0.00006351,-0.00022085,-0.01055875,-0.16675362,-0.06442481,-0.00891935,-0.00162451,-0.09645947,-0.00112126,-0.00159521,-0.16969933,-0.06310879,-0.00084357,-0.16048096,-0.16809630,0.70416343,-0.06564374,-0.11649393,-0.03252351,-0.16592437,-0.15985745,-0.00121676,-0.03974583,-0.06956985,-0.03465305,-0.00501779,-0.00454079,-0.09307294,-0.10247905,-0.00150395,-0.12620498,-0.13331933,-0.00125033,-0.00099199,-0.00266404,-0.00080565,-0.11891735,-0.08670133,-0.16356854,-0.03984740,-0.04207000,-0.00992499,-0.02812449,-0.16591443,-0.03260361,-0.02664099,0.13090493,-0.15851404,-0.05828900,-0.01837426,-0.02493041,-0.00416914,-0.03966531,-0.00000907,-0.00552674,-0.05779708,-0.16953188,-0.02675941,-0.00592315,-0.14461485,-0.03226639,-0.00062032,-0.00970013,-0.03087556,-0.00002622,-0.02332624,-0.00165134,-0.00343871,0.07617391,-0.07939633,-0.01433167,-0.00803454,-0.08266811,-0.04846537,0.32982367,0.08992948,0.65501243,-0.00198108,-0.13245575,-0.00002199,-0.01952553,-0.11958878,-0.12812604,-0.00479289,-0.16931419,-0.01349635,-0.16711345,-0.10625815,-0.01059229,-0.06850438,-0.00236194,-0.15642989,-0.04776367,-0.00007251,-0.10222529,-0.00931295,-0.02636425,-0.14740603,-0.16398883,-0.00849773,-0.16951363,-0.07643441,-0.00111996,-0.02039750,-0.03614389,-0.01121917,-0.00185943,-0.00080767,-0.07189254,-0.01531297,-0.16989443,-0.00356322,-0.15525919,-0.00383960,-0.01895668,-0.05578540,-0.02495027,-0.02569464,-0.07895642,0.09177440,-0.02194489,0.50078678,-0.00066514,-0.00002236,0.35032517,-0.02995467,-0.00517395,-0.00089461,-0.15849966,-0.02524700,-0.06214696,-0.11842754,-0.00291742,-0.00827100,-0.10185505,-0.08722965,-0.00780597,-0.00631263,-0.11983161,-0.09379559,-0.00250213,-0.01273548,-0.02247546,-0.16983117,-0.05090583,-0.04147042,-0.01892756,-0.15417072,-0.00003872,-0.04225666,-0.03099455,-0.11236656,-0.01363137,-0.09046466,-0.02482380,-0.00628875,-0.13540155,-0.13990244,-0.04433597,-0.10581404,-0.01090164,-0.00400933,-0.11859321,-0.16355146,-0.08944453,-0.05166554,-0.14221630,-0.15013048,-0.16347294,-0.16864833,-0.16692688,-0.10844212,-0.14985178,-0.00022666,-0.13688798,0.14930151,-0.03360950,-0.04036751,-0.01272170,-0.12684456,0.04028674,-0.00000482,-0.07781123,-0.00255317,-0.16924986,-0.00001350,-0.07207023,-0.09029382,-0.00118310,-0.04576917,-0.00091989,-0.02308139,-0.00961335,-0.11710407,-0.00266065,-0.00129439,-0.00188825,-0.07902592,-0.10162815,-0.15071748,-0.05707760,-0.00170477,-0.11011338,-0.03344111,0.15676326,-0.03523851,-0.00002956,-0.08306550,-0.02294138,-0.16519266,-0.07610561,-0.00999769,-0.00068152,-0.01117957,-0.11485588,-0.03401326,-0.02182453,-0.06707370,-0.02539535,-0.01762752,-0.00106753,-0.00200977,-0.00036244,-0.06037387,0.79083973,-0.05046443,-0.14869983,-0.03963138,-0.12941904,-0.00779941,-0.00026256,-0.00566925,-0.09055048,-0.12977481,-0.06519109,-0.12779732,-0.07491922,-0.08521248,-0.00041330,-0.12626824,-0.03470362,-0.00578855,-0.13388714,-0.00146449,-0.00176156,0.56098497,0.10902915,-0.00147303,-0.07425625,-0.10451736,-0.13329764,-0.04100084,-0.00905209,-0.01294184,-0.00154021,-0.05472758,-0.07116780,-0.06300871,-0.06080300,-0.00004354,-0.07501440,-0.00016173,-0.05798326,-0.02295731,-0.16436970,-0.14340171,-0.00484315,-0.14492762,-0.02231434,-0.13264173,0.00925791,-0.04151899,-0.07559671,-0.11299831,-0.04112158,-0.00279130,-0.16644764,-0.16406420,-0.13521798,-0.15135251,-0.06535342,-0.05152999,-0.02511442,-0.05499876,-0.00434211,-0.05229317,-0.05723098,-0.00275653,-0.14584401,-0.04923116,-0.16960227,-0.00012750,0.11991475,-0.16012459,-0.12150642,-0.00050767,-0.01802071,-0.02009451,-0.12194353,-0.00705075,-0.04864006,-0.05096225,-0.01433206,-0.14651363,-0.00908167,-0.04599421,-0.07801842,-0.02273789,-0.03160288,-0.00027465,-0.07115790,-0.02838112,-0.09527957,-0.16577445,1.30561960,-0.00103708,-0.08648645,-0.01623691,-0.04831947,-0.05216186,-0.00006151,-0.01611591,-0.13080288,-0.00686565,0.21055239,-0.00000908,-0.11475556,-0.00737485,0.35873973,-0.03286591,-0.15549338,-0.00035509,-0.15536670,-0.04404143,-0.00028965,-0.00380260,-0.14875808,-0.05356345,-0.01770124,-0.03181113,-0.00159494,-0.05529081,-0.16979814,0.38624737,-0.15873010,-0.16007964,-0.16436602,-0.05292114,-0.12220591,-0.00000603,-0.04879976,-0.10910222,-0.16141993,-0.16756307,-0.13731003,-0.01595258,-0.00720764,-0.00051571,-0.16221425,-0.05242683,-0.00111126,-0.13700010,-0.14126240,-0.12266448,1.10571873,-0.15091823,-0.13668212,-0.05656808,-0.16909721,-0.00009901,-0.00206441,-0.09255763,-0.07588190,-0.00001182,-0.06628170,-0.05422210,-0.00917287,-0.01685278,-0.15073051,-0.06628743,-0.12146562,-0.00015610,-0.13338195,-0.00014480,-0.00651552,-0.03384580,-0.01236682,-0.00261539,-0.06752314,-0.01187726,-0.02956579,1.74113858,-0.06512838,-0.13128287,-0.00001745,-0.00682021,-0.07186866,-0.00477233,-0.13789915,0.06730661,-0.15609874,-0.00129402,-0.07985993,-0.11743952,-0.15143545,0.56091094,-0.00000000,-0.04905019,-0.06232972,0.05757372,-0.09144758,-0.12531565,-0.11937276,-0.01677058,-0.14483234,-0.02532009,-0.11670208,-0.03964569,0.07915149,-0.11473648,-0.00035260,1.21750879,-0.00889323,-0.01095681,-0.00588626,-0.15324086,-0.00280074,-0.00192865,-0.16843498,-0.01681715,-0.00202459,-0.03116263,-0.00276219,-0.00103350,-0.09601175,-0.05996606,0.51464027,-0.03259383,-0.16418746,-0.16957039,-0.14678136,-0.03264402,-0.15251486,-0.00393983,-0.00144832,-0.06223696,-0.00367837,-0.14488816,-0.10899264,-0.00077085,-0.00453762,-0.07457138,-0.12518622,-0.00223165,-0.00076493,-0.08467468,-0.00055946,-0.00547838,-0.00751203,-0.12714972,-0.12276316,-0.01861308,-0.02173004,-0.12143227,-0.08416209,-0.00566565,-0.15795828,-0.15655307,-0.14193840,-0.14827752,-0.15066549,-0.00755676,-0.00012234,-0.00106659,-0.03989169,-0.00032501,-0.16951580,-0.15264410,-0.00918166,-0.01200582,-0.16844377,-0.01005484,-0.16876355,-0.02064700,-0.04022478,-0.04960874,-0.03641442,-0.16037311,-0.14246060,-0.00365321,-0.00128565,-0.03195225,0.23826405,0.24846601,-0.02236693,-0.14007214,-0.15597175,0.15886028,-0.00195207,-0.03785639,-0.00179766,-0.00813625,-0.11067836,-0.04402576,-0.03256608,-0.00000372,-0.01753090,-0.01845410,-0.07716831,-0.05566527,-0.16974348,-0.03743527,-0.01529648,-0.14515571,-0.16986512,-0.00004258,0.13062069,-0.15894248,-0.16777956,-0.00754769,-0.05869031,-0.00273913,-0.16912799,-0.15666308,-0.00091074,-0.04261346,-0.05080352,-0.10251002,-0.09988295,-0.01191715,-0.08499563,-0.14687255,-0.01921512,0.05639368,-0.00495420,-0.04476426,0.65028608,-0.01376326,-0.15026173,-0.06761690,-0.16724522,-0.11088796,-0.00193895,-0.12898451,-0.00007507,-0.02333275,-0.00002623,-0.16789381,-0.05457114,0.49807373,-0.16936752,-0.16985302,0.23567721,-0.14319737,-0.09412728,-0.00233541,-0.06097982,-0.01305535,-0.00372406,-0.00882099,-0.06932835,-0.00014979,-0.00799808,-0.06342886,-0.16866720,-0.08599562,-0.07561093,-0.00351766,-0.03370686,-0.14494388,-0.16975440,-0.00462646,-0.15911476,-0.00056614,0.95316637,-0.13160674,-0.00106960,-0.06787986,-0.11937470,-0.00287647,-0.16761151,-0.00170923,-0.02031537,-0.07041584,-0.06920196,-0.16210750,-0.08538340,-0.06317488,-0.00128988,-0.02234977,-0.06812197,-0.05122964,-0.03364890,-0.08381733,-0.14747460,0.36466432,-0.00769630,-0.15932593,-0.16888000,-0.03678348,-0.02711669,-0.04099507,-0.00330272,-0.06066387,-0.13637905,-0.03599688,-0.00655237,-0.00563609,-0.00262262,-0.00005204,-0.11990578,-0.00041331,0.64646035,-0.10833171,-0.13791010,-0.00610244,-0.12376378,1.59218121,-0.16904947,-0.15733524,-0.08228280,-0.00002074,0.10003955,-0.01473127,-0.00541438,-0.00024220,-0.00042752,0.28621820,-0.00845267,-0.01980707,-0.00002758,-0.05016412,-0.02077075,-0.01556918,-0.00001821,-0.04685137,-0.08139241,-0.01129789,-0.05234640,-0.10525470,-0.08153383,0.08180122,-0.00024925,-0.00164211,-0.11513370,-0.00317596,-0.02446623,-0.00011094,-0.16809824,-0.00001025,-0.12698095,-0.04288626,-0.16984636,-0.05501217,-0.06316579,-0.04065935,-0.00015820,-0.16996713,-0.08485252,-0.14397174,-0.03697617,-0.13013682,-0.00000134,-0.10352807,-0.00704601,-0.04743822,-0.01950122,-0.01595354,-0.02261866,-0.16977590,-0.10758656,-0.16996001,-0.00093930,-0.03536575,-0.09419613,-0.00011049,-0.16446093,-0.15193044,-0.02754122,-0.16918014,-0.00118811,-0.05026793,-0.02662629,-0.05348235,-0.00662971,0.34489214,-0.01051981,-0.01847515,-0.00839612,-0.13687019,-0.04852298,-0.03891445,-0.00277730,-0.06425957,-0.02195929,-0.00901439,-0.16556650,-0.16990328,-0.00385756,-0.16747743,-0.03008255,-0.01795424,-0.00178024,-0.02698250,-0.01728309,-0.00039812,-0.01413011,-0.13710187,0.10107289,-0.01973162,-0.00633454,0.02668630,-0.01712640,-0.00010516,-0.06310750,-0.00013433,-0.03195437,-0.09739029,-0.13992551,-0.02738788,-0.00011095,-0.15971035,-0.16979457,-0.00937209,-0.00682342,-0.01053776,-0.15519878,-0.11424623,-0.06773689,-0.08987171,-0.00684751,-0.01716939,-0.03516606,-0.10790044,-0.02831180,0.01465575,-0.13398488,-0.06502292,-0.01161302,-0.08674073,-0.00097382,-0.00127579,-0.16511223,-0.02467751,-0.14554153,-0.00189585,-0.10722736,-0.01146677,-0.00231387,-0.00016030,-0.01517571,-0.03712684,-0.00002907,0.30289352,-0.00734568,-0.07471474,-0.08968153,-0.03667381,-0.02925004,-0.15131237,-0.00755581,-0.01417783,-0.05687888,-0.07249311,-0.11108728,-0.01912650,-0.14386110,-0.08629863,-0.00678069,-0.09302689,0.06420793,-0.04645040,-0.16984573,-0.00115164,-0.02307830,-0.01903381,-0.14895593,-0.00115716,-0.01990256,-0.00058494,-0.08022822,-0.15596403,-0.05512487,-0.13200440,-0.00849767,-0.06749460,-0.10170797,-0.07409272,-0.15310632,-0.12424559,-0.00858305,-0.01267232,-0.01531348,0.06256962,-0.11120331,-0.00065099,0.00857146,-0.00017590,-0.16381401,-0.04712993,-0.16912587,-0.14363515,-0.05697273,-0.00000386,-0.05817256
-0.09041986,-0.01811476,-0.00273262,-0.09919991,-0.08855451,-0.01626280,-0.06214290,-0.16966870,-0.01356486,-0.01474472,-0.04003510,-0.10550418,-0.01851433,-0.01990764,-0.04071101,-0.01173489,-0.13760971,-0.15030278,-0.00570941,-0.12910479,-0.01428770,-0.00545190,-0.00000000,-0.09843633,-0.09168686,-0.07211496,0.71194679,-0.03002806,-0.03791444,-0.12123359,-0.01305216,-0.00168304,-0.16254705,-0.02556502,-0.01471600,-0.00107644,-0.08167619,1.07828724,-0.16519830,0.47839242,-0.08780660,-0.09035611,-0.00094983,-0.10640310,-0.03265785,-0.00332607,-0.00001091,-0.00504763,-0.03725502,-0.15027949,-0.04487891,-0.15572700,-0.00117715,-0.02019691,-0.00712490,-0.16000919,-0.00728647,-0.00445544,0.17661311,-0.00024540,-0.16777563,-0.03026779,-0.00012705,0.35745522,-0.08889166,-0.03753646,-0.07489914,-0.02796846,-0.15487519,-0.03454788,-0.00032428,-0.04439318,-0.08952431,-0.00541715,-0.16154817,-0.04571861,-0.01435860,-0.12178958,1.73264432,-0.03211000,-0.08996424,-0.02624776,-0.16972731,-0.02000773,-0.00111893,-0.03128172,-0.16906062,-0.00993463,0.65485549,-0.00001732,-0.11782442,-0.16090359,-0.01820277,-0.01976952,-0.05608441,-0.10638665,-0.04923616,-0.09457488,-0.00356265,-0.12097570,-0.00031340,-0.03132090,-0.06436493,-0.04763245,-0.15170364,-0.00623054,-0.07636874,-0.12066992,-0.04908232,-0.11714562,-0.12980883,-0.07317811,-0.02992250,-0.00802822,-0.00295412,-0.16967875,-0.07609893,-0.00121519,-0.00074689,-0.00023342,-0.00516115,-0.05691275,-0.04198879,-0.16648649,-0.01130477,-0.16975221,-0.14192040,-0.04458689,-0.02510171,-0.00250572,-0.02204317,-0.01583558,-0.03816594,-0.05441503,-0.12143108,-0.02894822,-0.00000032,-0.16989718,-0.00427553,-0.00922235,0.14326841,-0.00402453,-0.07596196,-0.04900262,-0.16338769,-0.00011490,-0.00057191,-0.06522401,-0.00003251,-0.16430742,-0.00902930,-0.03615411,-0.16943850,-0.12493054,-0.02387989,-0.13353698,-0.04192252,0.06223498,-0.00474963,-0.16997069,-0.00000032,-0.03294699,-0.00087051,-0.10258453,-0.14344898,-0.06278993,-0.04584096,-0.00050083,-0.03812474,-0.07474551,-0.00081423,-0.01107011,-0.00001605,-0.00005346,-0.05618817,-0.02320774,0.48586380,-0.14770882,-0.08931257,-0.02023407,-0.00507308,-0.00047347,-0.00060607,-0.00132380,-0.00139483,-0.07955340,-0.00753341,-0.03239704,-0.12512559,-0.00259668,-0.01015061,-0.02569775,-0.00015168,-0.01539681,-0.00672279,-0.00446566,-0.16958034,-0.01059698,-0.02803913,-0.07916655,-0.01929700,-0.00465043,-0.00950545,-0.01290997,-0.13801681,-0.16964182,0.62680185,-0.05627499,-0.15380365,-0.05519205,-0.03867325,-0.16455151,-0.00254455,-0.00771607,-0.00860790,-0.03912809,-0.16142960,-0.04006987,-0.16931067,-0.07987504,-0.03200386,-0.12556282,-0.14016822,-0.07429041,-0.08004442,-0.00009844,-0.10093334,-0.16895583,-0.00000120,-0.00569771,-0.00300388,-0.10335127,-0.07299816,-0.00189231,-0.03322446,-0.13674165,-0.02202152,-0.14462268,-0.08638290,-0.14778040,-0.02084407,-0.09140730,-0.01722610,-0.01335399,-0.00647579,-0.00769529,-0.03186250,-0.00342089,0.21132110,1.37031710,1.61451781,-0.12565476,-0.01983874,-0.03741809,-0.00350694,-0.04170687,-0.03615503,-0.02459182,-0.00004487,-0.08441775,-0.02214203,-0.09823147,-0.09287366,-0.07303809,-0.12830922,-0.00053637,-0.00315371,-0.01194319,-0.14464265,-0.00046769,-0.09322014,-0.00005275,-0.00469255,-0.05079839,-0.00018683,-0.10265158,-0.02264940,-0.00618713,-0.14044556,-0.05164441,-0.00012661,-0.03220926,-0.00037216,-0.14711468,-0.13498244,-0.05431184,-0.08743624,-0.01753843,-0.15166019,-0.00388173,-0.05727104,-0.00034668,-0.08305579,-0.01159003,-0.00416050,-0.04253755,-0.00303403,-0.01435827,-0.02401239,-0.03384315,-0.15914026,0.32119957,-0.14690271,-0.00070852,-0.00362982,-0.06679690,-0.00647534,-0.07144527,-0.08706678,-0.00284234,-0.03433126,-0.00278885,-0.00011298,-0.03437664,-0.03660095,-0.05223706,-0.16996808,-0.02499330,-0.12979753,-0.15064350,-0.02740040,-0.02909604,-0.03605885,-0.00881686,-0.02784033,-0.01704142,0.15660551,-0.16899955,-0.12203000,0.00375081,-0.14090554,-0.05841661,-0.00272120,-0.00000031,-0.00000062,-0.08720314,-0.00177864,-0.09721021,-0.00017063,-0.01094186,-0.06289118,-0.00807174,-0.16872987,-0.00118124,-0.11697780,-0.05213482,-0.00512184,-0.07592413,-0.15796420,-0.05544432,-0.00763119,-0.00051802,-0.00013086,-0.00000345,-0.03755936,-0.11002264,-0.00034283,-0.16878787,-0.00009570,-0.02911535,-0.00758492,-0.03682139,0.18279830,-0.08956188,-0.02807770,-0.11582868,-0.12796994,-0.01435151,-0.12172613,-0.02150592,-0.04506512,0.22369041,0.08381321,-0.00327588,0.24977586,-0.02840409,-0.16582896,-0.03468496,-0.04955330,-0.06988725,-0.14686276,-0.16618963,-0.01856160,-0.01727372,-0.15575808,-0.16813996,-0.01495896,-0.00000206,-0.00339903,-0.00782954,-0.06307651,-0.01181713,-0.00032365,-0.14750303,-0.09989594,0.05252545,-0.01431808,-0.15947632,-0.03058735,-0.00050475,-0.09937666,0.13708448,-0.03448805,-0.00027189,-0.10378905,-0.06004662,-0.01930272,-0.00075689,-0.04132072,-0.07611868,-0.04026414,-0.08055085,-0.02890676,-0.16996463,-0.02377569,-0.08381262,-0.10347125,-0.00046303,-0.00854974,-0.02618869,-0.00443268,-0.00573074,-0.00216553,-0.00000062,-0.04368065,-0.06721015,-0.11888836,-0.00022354,0.36855465,-0.04950771,-0.01811990,-0.14874129,-0.02021299,-0.14477405,-0.10015551,-0.10171133,-0.00005013,-0.01184228,-0.11102428,-0.16270506,-0.16768803,-0.10016417,-0.15516835,-0.01337404,-0.00232559,-0.03210676,-0.04722787,-0.00507145,-0.05201966,-0.12436228,-0.08759475,-0.00201811,-0.00258554,-0.00111435,-0.14044134,-0.16064006,-0.16308367,-0.10542595,-0.06010203,-0.04781926,-0.02134901,-0.00346448,-0.00898029,-0.00232386,-0.12087519,-0.04275523,-0.01141781,-0.05352122,-0.07301043,-0.01664779,-0.00571392,-0.01010252,-0.01278482,-0.10766666,-0.00131296,-0.03424915,-0.01069776,-0.00235057,-0.06564292,-0.07990689,-0.00089595,-0.00798155,-0.00043517,-0.01041664,-0.05968586,-0.13711438,-0.01360202,1.08943641,-0.15648010,-0.00177482,-0.01992124,-0.00022752,-0.05057316,-0.11780741,-0.00553788,-0.01312133,-0.08295898,-0.16928102,-0.14889245,-0.12847407,-0.14515218,-0.01330343,-0.10696342,-0.13379131,-0.00135699,-0.16905059,-0.09850531,-0.00037949,-0.01434969,-0.02127124,-0.00676342,-0.13740902,-0.01475060,-0.02039473,-0.13407992,-0.00689514,-0.16527538,-0.06643637,-0.11493839,-0.01009502,-0.00070227,-0.01989736,-0.07715700,-0.01822394,-0.08306012,-0.11416819,-0.05838081,-0.09987587,-0.03974845,-0.14924243,-0.07236496,0.09707517,-0.00399397,-0.15149821,-0.02266727,-0.00221354,-0.00079667,-0.00032491,-0.06017173,-0.15700057,-0.00455833,-0.01181821,-0.00066121,-0.03225563,-0.01703064,-0.02009137,0.93692994,-0.00017557,-0.01606477,-0.05757928,-0.00653762,-0.00007879,-0.00042118,-0.00178718,-0.16873366,-0.00261530,-0.16996947,-0.01483433,-0.00981800,-0.00185590,-0.04028855,-0.00601893,-0.00038331,-0.00021754,-0.04248183,-0.14475247,-0.01481534,-0.03350031,-0.02317317,-0.03246586,-0.16352965,-0.16971980,-0.09499389,-0.16975071,-0.00105551,-0.14132816,-0.00623997,-0.00710052,-0.00444727,-0.15980354,0.30224663,-0.16811243,-0.09032489,-0.01088876,-0.09087916,-0.00171209,0.74908221,-0.03097202,-0.00939875,-0.02879689,-0.00432365,-0.14090227,-0.04735231,-0.04507637,-0.01269377,-0.16833484,-0.03105771,-0.00108047,1.23363805,-0.00445996,-0.00001272,-0.09939473,-0.01399560,-0.01195149,-0.01493666,-0.09179942,-0.00001960,-0.02703445,-0.13962764,-0.16649462,-0.00391911,-0.10411065,-0.00062684,-0.05905448,-0.00252271,-0.14962901,-0.02280326,-0.01938415,-0.06550068,-0.10239734,-0.15887488,-0.12149617,-0.00863316,-0.14109911,-0.13749097,-0.08054848,-0.00071085,-0.01579596,-0.07479647,-0.00013221,-0.02683560,-0.10061340,-0.04280143,-0.00292288,0.04738705,-0.10494875,-0.00791486,-0.07423294,-0.16564208,-0.00266421,-0.16936138,-0.00012166,-0.10067791,-0.00900473,2.15422773,-0.12963217,-0.16678926,-0.03575414,-0.00145895,0.01037451,-0.01711244,-0.00327613,-0.10585064,-0.02019999,-0.14737345,-0.03364053,-0.04876018,-0.02488820,-0.10166680,-0.12000287,-0.00007844,-0.05942084,-0.04888567,-0.08575656,-0.01388866,-0.05937425,-0.00002833,-0.00444917,-0.05416264,-0.14305812,-0.11830948,-0.16186468,-0.00009570,-0.08271971,-0.02521980,-0.13992566,-0.15047492,-0.00653732,-0.00309852,-0.00023910,-0.13463967,-0.02203585,-0.12960321,-0.15679224,-0.00010902,-0.00437790,-0.13149856,-0.00070588,-0.00031172,-0.03952520,-0.01842494,-0.03634516,-0.16813368,-0.01031981,-0.16996109,-0.04992375,0.62532395,-0.00158467,-0.01178293,-0.04211453,-0.03197659,-0.16911896,-0.00844699,-0.12380505,-0.05440046,-0.13846521,-0.06120905,-0.00082656,-0.05212645,-0.08016183,-0.03792053,-0.02224984,-0.16916093,-0.15600696,-0.01507817,-0.16504973,-0.16935743,-0.09761099,-0.12635660,0.34820050,-0.10625353,-0.08166660,-0.09046830,-0.00213281,-0.00040429,-0.05312099,-0.05955607,-0.05501582,-0.01889415,-0.03400555,-0.00859465,0.03416857,-0.16038170,-0.01343918,-0.03837015,-0.00024498,-0.11802097,-0.05733711,0.07372586,-0.10866222,-0.03710602,-0.00506990,-0.02801922,-0.00238885,-0.01049472,0.13155901,-0.03998691,-0.00067191,-0.00225624,-0.00013109,-0.08002810,-0.00159655,0.16147850,-0.04405235,0.62676364,-0.01652204,-0.01761628,-0.00193587,-0.07549042,-0.14980811,-0.00524069,-0.05783348,-0.16958742,-0.10295855,-0.12150805,-0.00679439,-0.06285810,-0.14371286,-0.09646588,-0.02933327,-0.10125825,-0.09436393,-0.00624865,-0.12006839,-0.14214087,0.46424973,-0.16606952,-0.16669676,-0.01993568,-0.04300281,-0.12678890,-0.12972349,-0.04873840,-0.02733199,-0.13374904,-0.05720748,-0.06943560,-0.04101229,0.28493783,-0.10997870,-0.05944780,-0.03248003,-0.01256688,-0.00114887,-0.00428788,-0.01763039,-0.01367435,-0.01619972,-0.05324456,-0.16291216,-0.01725747,-0.06583917,-0.16902968,-0.00069043,-0.04117299,-0.16958672,-0.00807659,-0.08701310,-0.02481379,-0.01782006,-0.16977738,-0.00054398,-0.08101992,-0.01902355,-0.16989700,-0.12005477,0.04690669,-0.04869528,-0.00000947,-0.00749137,-0.00061785,-0.00014746,-0.00040244,-0.14204951,-0.05838313,-0.00351636,0.02622734,-0.00004966,-0.03758242,-0.00017798,-0.16975787,-0.12127702,-0.01411947,-0.12952873,-0.10996605,-0.03070050,-0.00097695,-0.00000683,-0.03825613,-0.05218230,-0.10775931,-0.00682832,-0.12364590,-0.11265767,-0.07495438,-0.15923183,-0.08723668,-0.00000000,-0.00111146,-0.03843461,-0.00203668,-0.08412708,-0.00427904,-0.00000017,-0.14934076,-0.02778475,-0.01857905,-0.05491631,-0.03996159,-0.10215177,-0.03582573,0.35980558,-0.00059031,-0.00997865,-0.15506704,-0.09540182,-0.00103877,-0.01780225,-0.00453122,-0.00184625,-0.03532842,-0.00053046,-0.00549846,-0.00232119,-0.07172275,-0.14670698,-0.16466540,-0.00129550,-0.12195893,-0.12157638,-0.06610347,-0.05244790,-0.16838710,-0.03501105,-0.04456290,-0.00614995,-0.04522802,-0.01473127,-0.00000749,-0.07808844,-0.00556552,-0.02393796,-0.02320687,-0.16882163,-0.00054328,-0.00014691,-0.00035643,-0.08129718,-0.02821000,-0.16375515,-0.03996573,-0.00890612,-0.07253626,-0.03729343,-0.02867291,-0.00326307,-0.01060071,-0.00269920,-0.00233783,-0.16996570,-0.06474997,-0.01468308,-0.05976315,-0.14799607,-0.00427553,-0.15768790,-0.08252949,-0.01978720,-0.00407386,-0.16889080,-0.06605007,-0.01661132,-0.09487538,-0.09359038,-0.09655257,-0.16996010,-0.01875935,-0.13910550,-0.00013221,-0.08663043,-0.00025309,-0.00006479,-0.05151221,-0.10677361,-0.14831714,-0.05266208,-0.05472158,0.46416447,-0.16593811,-0.00008006,-0.00108647,-0.02271934,-0.01449310,-0.00363748,-0.01279334,-0.00025447,-0.04042663,-0.00621560,-0.00067112,-0.16176024,-0.00039555,-0.00064252,-0.00413103,-0.00017623,0.29387444,-0.15828077,-0.03730663,-0.07485757,-0.09428459,-0.07841593,0.20114519,-0.06541861,-0.00000000,-0.03564518,-0.01197131,-0.07924460,-0.16979787,-0.14654315,-0.05200439,0.34536827,-0.10753412,-0.12686509,-0.10366996,-0.14230470,-0.15304574,-0.12694797,-0.15067609,-0.04827646,-0.03265792,-0.00027232,-0.02079397,-0.00451848,-0.12518843,-0.08605572,-0.15224861,-0.02520847,0.13203566,-0.00040028,-0.00280125,-0.07918359,-0.10237393,-0.06599944,-0.00173484,-0.06632698,-0.00709024,-0.00222672,-0.00271249,-0.10754507,-0.01471827,-0.04331109,-0.16931008,-0.12582628,-0.16528638,-0.14615619,-0.01799485,-0.00111865,-0.00057221,-0.00005785,-0.14983089,-0.10390124,-0.00014968,-0.02402006,-0.16307956,1.06160557,0.19951619,-0.00408654,-0.01547332,-0.00009890,-0.00020368,-0.01595404,-0.16925476,-0.05807094,-0.10381854,-0.08412582,-0.05507603,-0.16234510,-0.10709796,-0.02392659,-0.00016734,-0.12032678,-0.00285512,-0.01186470,-0.12931669,-0.00098518,-0.07012240,-0.02764784,-0.02298683,0.49059632,1.36692655,-0.00000481,-0.01210089,-0.06825781,-0.16120254,-0.16635832,-0.13105741,-0.00113190,-0.00822118,-0.00563945,-0.10752399,-0.08428082,-0.00554426,-0.14781922,-0.00440959,-0.02592430,-0.09181120,-0.15608473,-0.05946437,-0.00020053,-0.01313159,-0.00119071,0.04328866,-0.11649811,-0.13023607,-0.00710067,-0.00843887,-0.11060287,0.31285492,-0.00194186,0.02245848,-0.00357694,-0.03584839,-0.06879988,-0.00000000,-0.10652521,-0.05143600,-0.01640877,0.38423261,-0.03790846,-0.01036568,0.27712604,-0.03236141,-0.00013321,-0.04062346,-0.00029954,-0.00000031,-0.11494184,-0.03327404,-0.16851625,-0.15555930,-0.00945523,-0.10959745,-0.16979554,-0.03943170,-0.12174750,-0.00142384,0.32910711,-0.16889149,-0.16503100,-0.11833094,-0.16841640,-0.08801600,-0.08985544,-0.14726833,-0.00052365,-0.04410117,-0.00455067,-0.02403026,-0.03227795,-0.01209268,-0.16361623,-0.16996710,-0.00027465,-0.08897188,-0.16641402,-0.15892182,-0.14773288,-0.01906142,0.11507099,-0.03479821,-0.01516197,-0.06468983,-0.00455999,-0.01416896,-0.02665198,-0.02964871,-0.03334139,-0.00071584,-0.04122950,-0.00606646,-0.01795274,0.05154980,-0.16936973,-0.00153416,-0.00049317,-0.00636275,-0.00807898,-0.16208912,-0.16830841,-0.01637061,-0.04600034,-0.10684596,-0.04437308,-0.16988371,-0.00416370,-0.01168181,-0.07001399,-0.15033865,-0.16339517,-0.03385698,-0.00639794,-0.03882803,-0.00492398,-0.03062294,-0.01602927,-0.00235669,-0.06205995,-0.03100663,-0.00090673,-0.04809558,-0.16986200,-0.01978992,-0.01305827,-0.00722644,-0.13505057,-0.07998676,-0.01940289,-0.16569434,-0.00007983,-0.00002882,-0.10870687,-0.11153585,-0.00119674,-0.00001000,-0.00021805,-0.16637412,-0.16986033,-0.00602849,-0.09922031,-0.09576846,-0.16906805,-0.00022268,-0.16692279,-0.16559796,-0.16166642,-0.16187122,-0.00166397,-0.00000177,-0.00646318,-0.11180772,-0.00746557,-0.05030930,-0.15235887,-0.02617161,-0.01771988,-0.00366778,-0.00022559,-0.03843606,-0.09056858,-0.04270441,-0.04641125,-0.01099520,-0.02473972,-0.00185979,-0.00830595,-0.00077433,-0.00141655,-0.04648139,-0.05477161,-0.00439577,-0.16987787,-0.16935270,-0.01742337,-0.05136978,-0.07141679,-0.13868494,-0.01622392,-0.02968400,-0.00256774,-0.13551338,-0.04614650,-0.05463767,-0.11892202,-0.02725692,0.21828966,-0.00000855,0.02787341,-0.00162388,-0.15597796,-0.00000000,-0.01547652,-0.04870984,-0.14098318,-0.00000134,-0.10441029,-0.00000000,-0.01553997,-0.02153024,-0.00083876,-0.00642018,-0.00000468,-0.04405130,-0.09324356,-0.00008018,-0.00422901,-0.02328590,-0.14892465,-0.01699893,-0.02516656,-0.00192777,-0.00796248,-0.02661407,-0.01214763,-0.00670646,-0.06998203,-0.00552398,-0.00572264,-0.15930568,-0.00041975,-0.02745152,-0.05502832,-0.08606237,-0.02159243,-0.15548304,-0.02266480,-0.16398652,-0.10767341,-0.15943468,-0.06132422,-0.04433772,-0.13938929,-0.16464999,-0.13184817,-0.00311324,-0.09805363,-0.10391860,-0.00173974,-0.14687696,-0.09074495,-0.04668769,-0.14632592,-0.00229315,-0.01266131,-0.00517349,-0.05878201,-0.03980583,-0.00330577,-0.05295790,-0.07414015,-0.00212750,-0.00072792,-0.00119294,-0.16997102,-0.00655215,-0.07876457,0.44848722,-0.00120870,-0.09534664,-0.05868409,-0.13082597,-0.09936912,-0.11241720,-0.00187491,0.06987117,-0.02661261,-0.10274419,-0.09430373,-0.01196356,-0.03687721,-0.10496996,-0.16972472,-0.07192370,-0.16741239,-0.01595887,-0.15406545,-0.01128943,-0.00004630,-0.00704667,-0.14662075,-0.07805114,-0.11383202,-0.09802439,-0.05294561,-0.07276122,-0.14942920,-0.01933390,-0.01231702,-0.03312040,-0.10179017,-0.03738034,-0.00567184,-0.06382116,-0.00225426,-0.00036545,-0.03889367,-0.00347793,-0.02252537,-0.12298107,-0.00010698,-0.00009432,-0.00206624,-0.00515121,-0.00911308,-0.02227436,-0.15874295,-0.01909891,-0.01330739,-0.13898611,-0.00002262,0.92180282,-0.00143376,-0.16495924,-0.01134000,-0.00112005,-0.05116504,0.59001637,0.27080944,-0.00136962,-0.03445731,-0.01474368,-0.00770680,-0.04349037,-0.05249796,-0.12399198,-0.04330922,-0.05107399,-0.00171601,-0.03082885,-0.00014447,-0.00585268,-0.16793139,-0.00955517,-0.09803775,-0.16875312,-0.16346736,-0.01714423,-0.00652226,-0.01941566,-0.02861484,-0.00079793,-0.14961465,-0.02280477,-0.12453092,-0.00113759,-0.01150917,-0.00021222,-0.16966109,-0.06769499,-0.00827432,-0.13932613,-0.00086898,-0.08688956,-0.11976180,0.04487130,-0.12160952,-0.16639218,-0.12918691,-0.13425381,-0.00070031,-0.02671246,-0.00965209,-0.02486055,-0.04825956,-0.03560346,-0.06981853,-0.04261935,-0.02495324,-0.00342746,-0.00675515,-0.00205348,-0.00011389,-0.03673815,-0.00287840,-0.03806835,-0.00006444,-0.15578619,-0.06329953,-0.00856780,-0.00412503,-0.00070988,-0.01248803,-0.01894848,-0.14897606,-0.14354151,-0.01888834,-0.00974772,-0.06783463,-0.03423531,-0.06351002,-0.16487972,-0.00202555,-0.00164202,-0.00114086,-0.00303377,-0.16854997,0.11619185,-0.00718640,-0.00000000,-0.02193386,-0.12770432,-0.00384048,-0.00004114,0.23093711,-0.10947641,-0.03840847,-0.00088372,-0.02844451,-0.07166120,-0.00002672,-0.07815231,-0.00723167,-0.13631643,-0.01292876,-0.12940665,-0.00003116,-0.03381212,-0.08262033,-0.00100390,-0.11420973,-0.00047862,-0.02721879,-0.16870579,-0.00296115,-0.00863230,-0.00207463,0.07084101,-0.00865133,-0.16005366,-0.15529466,-0.14717308,-0.07771887,-0.02284183,-0.16776451,-0.00540520,-0.01069762,-0.00976285,-0.16917385,-0.00451365,-0.02941846,-0.00010038,-0.05180360,-0.03477347,-0.00882776,-0.11621752,-0.15391465,0.01673604,-0.00589882,-0.06473907,-0.03654341,-0.08162969,-0.16474006,0.05187728,0.70000809,-0.15359223,-0.00027857,-0.11436854,-0.02820156,-0.08569669,-0.03123629,-0.16145046,-0.00079551,-0.11202049,-0.00004427,-0.07029662,-0.04056474,-0.09436613,-0.15699553,-0.03127053,-0.09325597,-0.12855318,-0.08363502,-0.00221337,-0.02839197,-0.09388062,-0.15702668,-0.00364718,-0.02209314,-0.01813608,-0.06813089,-0.14392157,-0.11699673,-0.08367982,-0.06134858,-0.02750016,-0.00096757,-0.05414389,-0.11581259,-0.06705309,-0.02537029,-0.00378128,-0.00027475,-0.00894055,-0.01670339,-0.04396070,-0.02322228,-0.14891994,-0.00444838,-0.08285032,-0.00170414,-0.00309811,-0.11418572,-0.09394950,-0.06116890,0.14517310,-0.01032978,-0.00009043,-0.13170198,-0.15147708,-0.01165411,-0.01780492,-0.16981623,1.35075223,-0.00084770,-0.02604749,-0.03584183,-0.10013082,-0.11863498,-0.15394087,-0.07465018,-0.15226282,-0.01654248,-0.01359340,-0.01367001,-0.11589962,-0.00448999,-0.00162828,-0.02078356,-0.06412052,-0.00355447,-0.00430900,-0.07577167,-0.08553245,-0.00018596,-0.11874190,-0.03980533,-0.00874537,-0.01004286,-0.01034615,-0.14510547,-0.00016592,-0.00386224,-0.00025139,-0.15298022,-0.01373473,-0.00027083,-0.15863167,0.11453004,-0.01828514,-0.01569434,-0.10381724,-0.01218587,-0.16784929,-0.00102587,-0.04018092,-0.05406843,-0.02537065,-0.00348514,-0.02356162,-0.05811885,-0.01091649,-0.06800662,-0.00017875,0.73388046,-0.02757317,-0.06257021,-0.03879461,-0.02474568,-0.01894616,-0.12950045,-0.01920920,-0.00260409,-0.00321682,-0.00064606,-0.00681240,-0.00561976,-0.14596494,-0.00219341,-0.02762474,-0.01037829,-0.10626262,-0.01888149,-0.07894649,-0.04335820,-0.12711188,-0.02109071,-0.04480306,-0.16836366,-0.14170270,-0.04977330,-0.12852243,-0.02548429,-0.06496340,-0.00682877,-0.11467972,-0.09792832,0.20833908,-0.02532106,-0.08507513,-0.02805892,-0.13162793,-0.01857487,-0.00395555,-0.06645031,-0.00000000,-0.00331501,-0.10345209,-0.00073736,-0.01036173,-0.12069555,-0.04014384,-0.01820740,-0.05117670,-0.06379596,-0.15722628,-0.00008745,-0.01748331,-0.00378850,-0.16976745,-0.02263716,-0.13976969,-0.01828021,-0.00949905,-0.09197842,0.13327816,-0.02891711,-0.14655311,-0.00164686,0.19054878,-0.08051416,-0.12902400,-0.00924795,-0.02851610,-0.01325448,-0.03846288,0.10892851,-0.02765053,-0.16302316,-0.00478308,-0.00000134,-0.15784638,-0.06882994,-0.02985843,-0.01315516,-0.02421177,-0.03154172,-0.01455037,-0.15220365,-0.01775794,-0.08332918,-0.01255353,0.45982578,-0.01615485,-0.12325346,-0.09165493,-0.10424420,-0.12616920,-0.11997058,-0.10578332,-0.00562957,-0.09009410,-0.05156307,-0.05618683,-0.12552327,-0.00050616,-0.00255692,-0.16933848,-0.00089566,-0.00931359,-0.00798829,-0.06551638,-0.06020427,-0.00636629,-0.02023822,-0.01475655,-0.00004942,-0.01625844,-0.05215811,-0.04505417,-0.15625617,-0.03354107,-0.04387017,-0.14890406,-0.12669212,-0.00066858,-0.04497990,-0.00490490,-0.07946812,-0.00243382,-0.07644066,-0.02530076,-0.07578374,-0.02163910,-0.04177419,-0.02475632,-0.00001091,-0.03180091,-0.00072938,-0.02145554,-0.16644558,0.50203454,-0.08168790,-0.00900423,-0.16842225,-0.16596323,-0.00006983,-0.02082404,-0.09837146,-0.01763263,-0.02435489,-0.00440768,-0.03452012,0.14166045,-0.02095381,-0.16352417,-0.01759793,-0.00003872,-0.07729805,-0.00870552,-0.00000468,-0.05112455,-0.03525407,0.02111396,-0.04862536,-0.02807266,-0.06715177,-0.00000000,-0.16448571,-0.06027690,-0.15137118,-0.02909577,-0.08817738,-0.11475902,-0.00160069,0.37285119,-0.00696601,-0.14053206,-0.00531288,-0.01861338,-0.00083780,-0.05221551,-0.00063187,-0.00170083,-0.00624246,-0.14875415,-0.00506616,-0.10700965,-0.00233498,-0.00118895,-0.04712375,-0.00507651,-0.01243585,-0.04060049,-0.15313861,-0.13869569,-0.01943402,-0.01079664,-0.04271283,-0.06937760,-0.03774042,-0.08681413,-0.01144787,-0.03911431,-0.06119626,-0.12015828,-0.09440537,-0.00924017,-0.03615438,-0.01034566,-0.00000000,-0.13681392,-0.12249913,-0.06920656,-0.00626282,0.39963484,-0.03457026,-0.12567315,-0.16765839,-0.00195172,-0.16085041,-0.03523351,-0.00411540,-0.02733356,-0.12042197,-0.08995032,-0.01542620,-0.04652411,0.26189628,-0.00369570,-0.16684358,-0.00000399,-0.01694851,-0.00370106,-0.00219836,-0.06512918,-0.01006439,-0.01473625,-0.00021222,-0.02808699,-0.09033624,-0.00580969,-0.08062171,-0.15878078,-0.01937396,-0.00000829,-0.06542280,-0.00364270,-0.00006609,-0.01304316,-0.05069369,-0.05995430,-0.00818942,-0.15007696,-0.01664023,-0.01829236,-0.14402649,-0.09904714,-0.10256926,-0.15239510,-0.00867329,-0.06051549,-0.00685152,-0.04881641,-0.01489287,-0.02449830,0.21204647,-0.05206600,-0.00004775,-0.02685072,-0.06534557,-0.00007333,-0.00390369,-0.04804380,-0.00862286,-0.12142942,-0.11063658,-0.03424790,-0.02534573,-0.08273671,-0.04985312,-0.01335221,-0.04504666,-0.11372093,-0.00389901,-0.14296159,-0.00008444,-0.00029681,-0.00284697,-0.03579394,-0.16609406,-0.16779743,-0.12524576,-0.14189731,-0.06086936,-0.07215677,-0.00001884,-0.00025714,-0.02265678,-0.09861701,-0.00048600,-0.16936493,-0.11830780,-0.03356216,-0.00201364,-0.01778941,-0.03143585,-0.00004331,-0.16971479,-0.15559056,-0.00071027,-0.10474166,-0.16441035,-0.02890791,-0.00641124,-0.16784489,-0.07943646,-0.00216440,-0.02499833,0.01167314,-0.12619469,-0.08378705,-0.00436859,-0.16953082,0.38135400,-0.05192983,-0.16626443,-0.04852668,-0.01996522,-0.00464861,-0.02388756,-0.12817700,-0.00015831,-0.07438790,0.07848097,-0.05454312,-0.14424367,-0.02409067,-0.00013008,-0.00007030,-0.08019119,-0.00699232,-0.00608101,-0.00002174,-0.14434916,-0.00430525,-0.00065305,-0.12537947,-0.00827411,-0.00552821,-0.01029595,-0.00528752,-0.05903029,-0.00218673,-0.03803926,-0.05584841,-0.02551146,-0.05919749,-0.00183163,-0.01721910,-0.04330567,-0.03363258,-0.01942429,-0.04657936,-0.05412792,-0.07540336,-0.00150938,-0.16613175,-0.00862257,-0.00112135,-0.02398072,-0.08639598,-0.04724798,-0.10209946,-0.03700280,-0.00291365,-0.08680719,-0.00721781,-0.02021847,-0.16485156,-0.02296747,-0.06314781,-0.07573557,-0.06390726,-0.00648817,-0.02168766,-0.04801991,-0.07244010,-0.06836379,-0.05192374,-0.10562904,-0.06911391,-0.15834588,-0.13675343,-0.01345197,-0.03979950,-0.10315403,-0.02232045,-0.00929671,-0.06800400,-0.00201618,-0.00438569,-0.03622376,-0.10513543,-0.00237097,-0.06653832,-0.02601171,-0.14111738,-0.00068113,-0.00637035,-0.13181454,-0.00513482,-0.00001026,-0.08684915,-0.16014232,-0.00633808,-0.16737120,-0.00006515,0.02102429,-0.00842918,-0.02738109,-0.00013410,-0.04702079,-0.00000000,-0.01938459,-0.01137555,-0.04279806,0.01485786,-0.00388673,-0.00040716,-0.06807000,-0.11683451,-0.13380547,-0.00573341,-0.01886067,-0.04602057,-0.02307078,-0.00533576,-0.00017316,-0.16332312,-0.05703376,-0.00067849,-0.06905528,-0.12753917,-0.08869661,-0.06689928,-0.03654640,-0.00373689,-0.11358902,-0.06933303,-0.12666991,-0.03712450,-0.00176308,-0.00277443,0.21091476,-0.02690559,1.66553378,-0.00354965,-0.02356677,-0.04647220,-0.00756342,-0.00697512,-0.11206846,-0.16989581,-0.00670863,-0.00063483,-0.14340207,-0.11233111,-0.01023989,-0.04981830,-0.02258721,-0.01320398,-0.11354514,-0.16980146,-0.12697549,-0.01664137,-0.12719983,-0.00010061,-0.11443422,-0.12646283,-0.16741532,-0.03403703,-0.15454841,-0.00606775,-0.00024381,-0.01930278,-0.00896345,0.07060218,-0.15454194,-0.05014653,0.32627934,-0.11500811,-0.02421976,-0.07797120,-0.00393814,-0.00052565,-0.01901420,-0.07212351,-0.05491374,-0.16314946,-0.16820183,-0.16893579,-0.06993630,-0.09698536,-0.16959400,-0.03430813,-0.00027041,-0.08211035,-0.16803554,0.03369598,-0.01402559,-0.04939476,-0.06796397,0.35798848,-0.01385161,-0.00374388,-0.02388259,-0.00035063,-0.09282377,-0.07023985,-0.04902618,-0.00000047,-0.09770716,-0.08065598,-0.02897560,-0.10850960,-0.00091388,-0.16995621,-0.04970614,-0.00206939,-0.01131438,-0.04975003,-0.01887011,-0.06922729,-0.06210425,-0.00774756,-0.05785078,-0.00000000,-0.10641649,-0.16989064,-0.03113462,-0.03941866,-0.05045022,-0.03455245,-0.00266879,-0.00527661,-0.16946292,-0.13704507,-0.00549668,0.36982876,-0.00013589,-0.00257745,-0.01595334,-0.02415893,-0.02315419,-0.00009009,-0.14282833,-0.00084289,-0.00032564,-0.00016052,-0.05416488,-0.00022343,-0.07587298,-0.14349334,-0.01612709,-0.00063533,-0.10444319,-0.01328454,-0.15863816,-0.02347459,-0.00742736,-0.16035514,-0.16239457,-0.01810073,-0.06838548,-0.01244415,-0.14401515,-0.02086762,-0.11332158,-0.03623714,-0.15367679,-0.00116284,-0.00163394,-0.02107170,-0.00012963,-0.00050345,-0.10862806,-0.00121297,-0.00169180,-0.05182055,-0.07727002,-0.06295595,-0.01242019,-0.00023084,-0.07522970,0.12522499,-0.12133488,-0.00163735,-0.03437913,-0.00921329,-0.02148457,-0.16975236,-0.00282837,-0.00220739,-0.02003755,-0.05243246,-0.09818815,-0.03454752,-0.14443971,-0.14004956,-0.01418617,-0.07630103,-0.00003799,-0.01668186,-0.16991018,-0.00142657,-0.05626760,-0.00001259,-0.01674875,-0.00584773,-0.00862414,0.00515200,-0.14058553,0.01179858,-0.12271377,-0.07703560,-0.00733973,-0.01132794,-0.02711936,-0.01095482,-0.16807778,-0.15428060,-0.00242165,-0.03917077,-0.00238258,-0.08586111,-0.02314580,-0.00078565,-0.00007484,-0.01820445,-0.00092797,-0.13394271,-0.00905564,-0.13720451,0.09972591,-0.05935502,-0.03728022,-0.00961180,-0.00329810,-0.00255973,-0.16683127,-0.00724619,-0.01201323,-0.03653429,-0.12940904,-0.01347792,-0.09273630,-0.14455937,-0.02057626,-0.01421165,-0.16553093,-0.00384024,-0.03629362,0.48115224,-0.00008963,-0.00473061,-0.16896249,-0.04304966,-0.03322384,-0.00034419,-0.00126740,-0.03071579,-0.00225693,-0.05500509,-0.03813216,-0.00576405,-0.14178750,-0.00003042,-0.00138717,-0.01860792,-0.08199580,-0.01579959,-0.00323652,-0.03968031,-0.02161478,-0.11719557,-0.08004536,-0.01787760,-0.16622081,-0.01024467,-0.02226713,-0.03702232,-0.00735906,-0.11191741,-0.04609254,-0.00208424,-0.00509650,-0.00342139,-0.16052641,-0.01288060,-0.09719534,-0.15654919,-0.00140342,-0.03803429,-0.15058020,-0.00312821,-0.11313514,-0.12203111,-0.06818818,-0.03197149,-0.03715489,-0.16976057,-0.00015344,-0.16963586,-0.00619574,-0.02960411,0.75638336,-0.11262919,-0.07089341,-0.00027105,-0.00711958,-0.00001593,-0.04913438,-0.00690999,-0.03773967,-0.05871854,-0.11640853,-0.06048757,-0.00006632,-0.00033346,-0.12258254,-0.13976644,-0.00509051,-0.00001298,-0.16193925,-0.00097174,-0.01594699,-0.01449595,-0.12462191,-0.00532687,-0.06031895,-0.13259417,-0.10506555,-0.10475305,-0.00049629,-0.16996391,-0.09159553,-0.00885741,-0.12688117,-0.01889214,-0.01135423,-0.00032522,-0.14999147,-0.01708232,-0.16755199,-0.10266904,-0.16972631,-0.06645809,-0.00006092,-0.16977142,-0.03270919,-0.00042394,-0.08018108,-0.00364286,-0.16093227,-0.08252653,-0.01539290,-0.00091398,-0.16966759,-0.09396797,-0.11843897,-0.13904913,-0.00009478,-0.00924003,0.02717097,0.04644243,-0.00100040,-0.05082218,-0.00001490,-0.01970023,-0.12658894,-0.05768465,-0.00514118,1.77601993,-0.06818265,-0.14600238,-0.06686471,-0.04336770,-0.03134555,-0.00050223,-0.00178807,-0.14474703,-0.00073833,-0.00175204,-0.00213908,-0.14618742,-0.15174291,-0.00639320,-0.12540056,-0.03830672,-0.16531700,-0.16094939,-0.16799612,-0.06385961,-0.10490187,-0.13928421,-0.13296604,-0.00002099,-0.00650878,-0.05811909,-0.08233443,-0.01177874,-0.16592067,-0.16572692,0.80716962,-0.00926413,-0.00735370,-0.16985296,-0.00171771,-0.03644966,-0.04150929,-0.04013478,-0.04826658,-0.15608507,-0.07097774,-0.02058472,-0.00029354,-0.02358178,-0.00577466,-0.11334308,-0.01855348,-0.08885884,-0.00567904,-0.09536171,-0.03275099,-0.06056020,-0.00040346,-0.16179627,-0.00609668,-0.00694398,-0.00006995,-0.10447276,-0.15492427,-0.00080362,-0.03311251,-0.02063710,-0.15849164,-0.00623145,1.59201610,-0.05398503,0.44743809,-0.04219988,-0.03617333,-0.00003581,-0.00331469,-0.00000881,-0.09223291,-0.00350128,-0.00448468,-0.15368944,-0.05897901,-0.01253235,-0.00208477,-0.04486363,-0.05247872,-0.03824626,-0.06163144,0.21732572,-0.15581177,0.80633742,0.05111421,-0.00178958,-0.01394402,-0.16290955,-0.00089317,-0.00433145,-0.00443910,-0.10363638,-0.04684094,-0.14884649,-0.01205257,-0.01783941,-0.08952942,-0.01330568,-0.00033701,-0.00187455,-0.15725622,-0.02720368,-0.00314724,-0.16943407,-0.15392599,-0.08391703,-0.00030007,-0.01581373,-0.07250696,-0.00195497,-0.12982994,-0.11962961,-0.10039329,-0.09460385,-0.01439883,-0.07949644,-0.02811482,-0.00919900,-0.00081741,-0.00124793,-0.00174223,-0.01090358,-0.00000508,-0.14299062,-0.00084289,-0.06032043,-0.02692118,-0.10619544,-0.00692885,0.58340997,-0.01059795,-0.00430358,-0.08770558,-0.00238635,-0.00215187,-0.03135234,-0.00001720,-0.12965325,-0.00960899,-0.12481263,-0.01490977,-0.02004781,-0.12257239,-0.10195608,-0.16749628,-0.07016572,-0.08551880,-0.00637200,-0.07455295,-0.16889879,-0.01876223,-0.16619593,-0.03669416,-0.01219796,-0.06521293,-0.00441030,-0.15760246,-0.00456979,-0.03492367,-0.09636239,-0.08516279,-0.14462870,-0.00391007,-0.01922553,-0.02336522,-0.10524254,-0.00943801,-0.02908544,-0.06603358,-0.00239237,-0.04847921,-0.00009422,-0.16840728,-0.10213125,-0.01719534,-0.11125657,-0.04717052,-0.00427035,-0.07728293,-0.00331881,-0.09841325,-0.00058395,-0.05609203,-0.00336405,-0.04008719,-0.05316921,-0.08208346,-0.09092335,-0.16563691,-0.14072639,-0.07972176,-0.11581969,-0.15289812,-0.03027018,-0.01226229,-0.16049859,-0.13727938,-0.13580136,-0.01904102,-0.04022187,-0.13090685,-0.16009590,-0.00165340,-0.15518053,-0.08813975,-0.01527666,-0.02436466,-0.08669732,-0.13398993,-0.06675530,-0.16018762,-0.02334030,0.05911993,-0.15379421,-0.16362363,-0.05190422,-0.00175987,-0.05299927,-0.06314062,-0.05102229,-0.08382306,-0.01177069,-0.01847386,-0.15195876,-0.00099038,-0.00829061,-0.08806413,0.51542693,-0.01941462,-0.13598138,-0.00031592,-0.00520482,-0.02527511,-0.04116967,-0.16211228,-0.02667003,-0.12933671,-0.05320869,-0.06934942,-0.11738449,-0.01062719,-0.00022569,-0.10961525,-0.14499034,-0.00734230,-0.02777999,-0.04257775,-0.15778400,0.24400596,-0.15184164,0.11243351,-0.00009581,0.05556221,-0.00014880,-0.15817067,-0.14930242,-0.04190301,-0.00185395,-0.15236084,-0.00233205,-0.08815134,-0.00688466,-0.09054176,-0.11464497,-0.02642997,-0.00218543,-0.00005773,-0.01450458,-0.14759965,0.43305621,-0.01576410,-0.02193905,-0.12750745,-0.04453786,-0.00356902,-0.06695446,-0.00537914,-0.12130190,-0.06417205,-0.10312834,-0.04356650,-0.00007367,-0.11044155,-0.14908850,-0.14019273,-0.00501529,-0.00849530,-0.00201539,-0.15725951,-0.00297504,-0.01846555,-0.05172697,-0.00136605,-0.14305784,-0.07260326,-0.15318893,-0.10050827,-0.02625632,-0.08929051,-0.10568380,-0.14054216,-0.00340955,-0.16924661,-0.00092683,-0.06347550,0.92000759,-0.03201263,-0.00362828,-0.01586919,-0.10214516,-0.08099028,-0.00017360,-0.03092116,-0.00230731,-0.09303125,-0.03315968,-0.01919463,-0.01419237,-0.00047670,-0.00063266,0.47151306,0.02553849,-0.00279787,-0.11980955,-0.06413160,-0.04409612,-0.00123666,-0.00805748,-0.01005380,-0.00855081,-0.00535228,-0.00432612,-0.13480961,-0.00017250,-0.12274293,-0.14272930,-0.09850463,-0.00717784,-0.00387307,-0.16652742,-0.16639979,-0.16961192,-0.04767615,-0.16418809,-0.02007375,-0.02842485,-0.12747048,-0.16792154,-0.04654641,-0.14734413,-0.15822545,-0.08314862,-0.02697178,-0.14818996,-0.07252890,-0.08424125,-0.14405824,-0.02224843,-0.11502991,-0.09794062,-0.00096368,-0.00244985,-0.13626331,-0.02081992,-0.00163636,-0.01641724,-0.01106244,-0.04140392,-0.07401951,-0.00230342,-0.00832670,-0.03180549,-0.02248878,-0.07399521,-0.00065039,-0.03472460,-0.01460785,-0.07927740,-0.03037326,-0.00000076,-0.06942944,-0.16977014,-0.03776470,-0.01431639,-0.01839267,-0.00299695,-0.14578988,-0.04771637,0.02503121,-0.00109771,-0.03015238,-0.08802073,-0.00893237,-0.13225022,-0.00172610,-0.05899795,-0.16008480,-0.02635621,-0.00002361,-0.00559929,0.40214476,-0.13603695,0.06280089,-0.11335367,-0.16869055,-0.00004150,-0.02469462,-0.03568470,-0.12103507,-0.00690012,-0.08407353,-0.15634845,-0.13733947,-0.15223081,-0.00091550,-0.00447224,-0.00000345,-0.15383010,-0.16975176,-0.00435261,-0.16325310,-0.00126933,-0.01161072,-0.13369295,-0.09607798,-0.04584715,-0.00161382,-0.09090438,-0.04529271,-0.04849432,-0.00122158,-0.10940272,-0.00537335,-0.04473072,-0.01798587,-0.00001758,-0.00057301,-0.09105916,-0.15513518,-0.04648521,0.16155416,-0.09309935,-0.00248307,-0.02429489,-0.05129308,-0.00150159,-0.00115800,-0.16825214,-0.05010916,-0.08012810,-0.02564773,0.11307021,-0.06648447,-0.13861124,-0.13465874,-0.00400387,-0.15524708,-0.16966216,-0.14696382,-0.00643579,-0.00284402,-0.11511388,-0.14005667,-0.00237243,-0.05261856,-0.07634463,-0.05533516,-0.02353432,-0.01036686,-0.04648498,-0.00204937,-0.00503548,-0.05426033,-0.03045849,-0.16193622,-0.01076370,-0.14257731,-0.01379820,-0.05558048,-0.04167701,-0.16268654,-0.00765054,-0.11907438,0.07711093,-0.02494297,-0.14790878,-0.05184061,-0.02504922,-0.00376327,-0.00010834,-0.16970798,-0.00023096,-0.07646231,-0.00155105,-0.04011718,-0.04994629,-0.06864030,-0.14511389,-0.06612188,-0.14590830,-0.16994576,-0.16460627,-0.02927684,-0.10404986,-0.02711746,-0.04473640,-0.09053435,-0.02222749,-0.00799054,-0.00153281,-0.03399631,-0.00168787,-0.05953486,-0.01095153,-0.05466501,0.80122393,-0.06368889,-0.13832299,-0.04444588,-0.01386556,-0.00533583,-0.04141758,-0.13286167,-0.01502184,-0.00049579,-0.02606341,-0.00426771,-0.03901535,0.21632828,1.86025882,0.45525128,-0.15376626,-0.14781454,-0.05723056,-0.16833957,-0.00093131,0.17415246,-0.02695886,-0.14219441,-0.07240383,-0.00000234,-0.14767930,-0.14733770,-0.07435333,-0.00179233,-0.10446794,-0.09704581,-0.16165568,0.38958287,-0.01544471,-0.16903888,-0.16420455,-0.02116894,-0.01051594,-0.13659722,-0.00026840,-0.00131260,-0.04462341,-0.01642305,1.59200799,-0.04822329,-0.03235166,-0.00370480,-0.12175751,-0.00801496,-0.01118544,-0.12434363,-0.01922712,-0.01101739,-0.16780096,-0.13578452,-0.00685145,-0.15296790,-0.13046992,-0.00178682,-0.01277085,-0.05767638,-0.13259734,-0.15551631,-0.00282070,-0.04475487,-0.15573910,-0.00124996,0.52075374,-0.00666833,-0.00450336,-0.00003775,-0.00237724,-0.02058958,-0.00014558,-0.00002709,-0.00357416,-0.05495828,-0.16980195,-0.00311690,-0.01838762,-0.06595789,-0.05273884,-0.05590069,-0.00377682,-0.16890013,-0.00361800,-0.14039433,-0.00141153,-0.00454007,-0.10195899,-0.02792735,-0.02233902,-0.03428374,-0.10609169,-0.05468508,-0.00420200,-0.00988029,-0.03721150,-0.06143164,-0.07089388,-0.03730182,-0.08182441,-0.14561604,-0.09038223,-0.12117700,-0.10889262,-0.08137556,0.04337348,-0.01079368,-0.01886753,-0.05292109,-0.01993262,-0.04959429,-0.04150120,-0.06082816,-0.01905702,-0.00022763,-0.16146074,-0.13737996,-0.00925099,-0.06268477,0.49303812,-0.00089948,-0.00823387,-0.00983304,-0.12662424,-0.00989035,-0.00156584,-0.00116078,-0.16969275,-0.12446577,-0.15388402,-0.00005251,-0.00178131,0.18292658,-0.03104000,-0.00896259,-0.01753955,0.15923247,0.98066801,-0.03667121,-0.16873023,-0.00312165,-0.13681823,-0.02347070,-0.03134497,-0.08020255,-0.00422997,0.09726477,-0.16795690,-0.16738263,-0.08150262,-0.04032774,-0.01555384,-0.12560515,-0.00131526,-0.16273107,-0.12152453,-0.02984215,-0.10785450,-0.16964261,-0.16802257,-0.13633659,-0.05588207,-0.04373803,-0.00080883,-0.10920056,-0.00133096,-0.03497200,-0.00433925,-0.12438279,-0.00366893,-0.07335563
-0.00388818,-0.06086187,-0.05463205,-0.02574492,-0.16818798,-0.00173234,-0.09836754,-0.06469962,-0.01635062,-0.00591730,-0.16944811,-0.11079091,-0.04893667,-0.00862536,-0.09758656,-0.04869945,-0.01610412,0.45742202,-0.00992932,-0.04960497,-0.14911246,-0.10748775,-0.00000000,0.07115574,-0.04541038,-0.09121505,-0.10092905,-0.16361487,-0.03467372,-0.00792873,-0.09205819,-0.01760930,-0.08257154,-0.06802569,-0.12869681,-0.13139197,-0.16706878,-0.13876700,-0.13430117,-0.01068681,-0.16745092,-0.01486680,-0.09808723,-0.02298350,0.02607459,-0.05906116,-0.11068142,-0.00155322,-0.07852592,-0.16788937,-0.00701143,0.01635591,-0.11908461,0.76208645,-0.16326757,-0.13452554,-0.11999539,-0.02443684,-0.15920235,-0.01350604,-0.16993202,-0.04073113,-0.07534783,-0.01928378,-0.01161851,0.21085112,0.58542317,-0.12533501,-0.05486424,-0.01423373,-0.02992712,-0.08361062,-0.14437382,-0.03570719,-0.04875808,-0.00003348,-0.16704772,-0.16588351,-0.09660651,-0.06227082,-0.15188910,-0.11119380,-0.09318139,-0.16311079,-0.06841370,-0.05733542,0.07684649,-0.05248045,-0.09945437,-0.00891387,-0.00213073,-0.03726657,-0.08227589,-0.11112291,-0.03441286,-0.15781613,-0.12117701,-0.07438166,-0.01564360,-0.15487112,-0.05373389,-0.01031565,0.43979287,-0.04611943,-0.09830783,-0.00306446,-0.06320913,-0.13206179,-0.13802707,-0.06209451,-0.13717385,-0.01061754,-0.08860719,-0.00179712,-0.00860045,-0.07543163,-0.02742529,-0.15388384,-0.04668852,-0.00268811,-0.00372780,-0.16750707,0.06535621,-0.11264709,0.12121000,-0.12778194,-0.12857875,-0.02374238,-0.07253603,-0.04971014,-0.06458767,-0.03773816,-0.09364699,-0.03792898,-0.16591254,-0.05320758,-0.00332145,-0.04708017,-0.00131912,-0.16844174,-0.14096864,-0.16599530,-0.00006620,-0.00602341,-0.05605199,-0.01819500,-0.00342763,-0.13110687,0.10954452,0.46594515,-0.15005198,-0.04248777,-0.01562808,-0.12671423,-0.16117056,-0.16830264,-0.13689300,-0.05764719,-0.12684654,-0.00138479,-0.00008087,-0.05483025,-0.02137526,-0.07233995,-0.16976719,-0.14351495,-0.02283306,-0.00065502,-0.03668322,-0.03795814,-0.01322064,-0.02429448,-0.00638509,-0.06771494,-0.00509059,0.10822965,-0.00698291,-0.01516987,-0.03394426,-0.16854574,-0.10778935,-0.00021567,-0.03790791,-0.02026435,-0.00696474,-0.04915212,-0.00373235,-0.04390342,0.00389346,0.55632830,-0.01021892,-0.02334983,-0.00010107,-0.11358804,-0.00008583,-0.01924279,-0.00595387,-0.15800138,-0.03497524,-0.02207836,1.30290139,0.10399090,-0.00038074,-0.12911667,-0.00291323,-0.00597080,-0.00134315,-0.14336319,-0.00051340,-0.01919658,-0.05381381,-0.12630640,-0.00264138,-0.14929301,-0.01072936,-0.01084241,0.50736678,-0.00436398,-0.01618940,-0.03147411,-0.11925907,-0.08151018,-0.04069826,-0.03700513,-0.08789406,-0.15140617,-0.00026436,-0.00686290,-0.16856277,-0.00688006,-0.05756333,-0.15710960,-0.15298709,-0.08088971,-0.13263260,-0.16235909,-0.01114677,-0.16879690,-0.02336452,-0.08697397,-0.16814928,-0.16938445,-0.09239150,-0.05682843,-0.10203080,-0.16395754,-0.15818198,-0.00007426,0.78915095,-0.14711513,-0.15687372,-0.15605380,0.20567848,-0.06076906,-0.00257762,-0.02069995,-0.07464506,-0.10050846,-0.15263584,-0.00061794,-0.16275141,-0.14567116,-0.16971365,-0.10761286,-0.07500955,-0.00696719,-0.07635608,-0.02331956,-0.03271948,-0.15684384,-0.05527430,-0.00087635,-0.05377745,-0.06008679,-0.00228529,-0.00482073,-0.01176419,-0.12369073,-0.00486303,-0.07661533,-0.12030344,-0.08356716,-0.02312956,-0.13104114,-0.00421958,-0.15569396,-0.02644430,-0.04655899,-0.16965787,-0.07723487,-0.05071930,-0.01501450,-0.13291098,-0.08097579,-0.10710085,-0.02852127,-0.04538970,-0.09373022,-0.00369423,-0.13750009,-0.03701254,-0.08486044,-0.11184316,-0.02021245,-0.02839804,-0.00431043,-0.04743323,-0.00345300,-0.01020655,-0.01199336,-0.01475784,-0.13183011,-0.00000016,-0.12553340,-0.00458566,-0.12454280,-0.09555645,-0.03581379,0.49453682,0.09655610,0.81252599,-0.04733656,-0.02034851,-0.16243894,-0.00774268,-0.09557632,-0.00475301,-0.02341208,-0.09331959,-0.04058271,-0.15449560,-0.16493022,-0.08625877,-0.05158666,-0.00085125,-0.05017466,-0.16944845,-0.10602123,-0.08558907,-0.00002299,-0.15362464,-0.04598503,-0.03623959,-0.08893874,-0.00640004,-0.05205108,-0.00149924,-0.01109563,-0.01246877,-0.11258948,-0.03107423,-0.05641454,-0.00778238,-0.01288053,-0.01367218,-0.05519612,-0.15240434,-0.04698624,-0.14757490,-0.00534549,0.05459011,-0.01054943,-0.12469719,-0.05590712,-0.11582983,-0.16865024,-0.04823157,-0.02559950,-0.12716652,-0.07679474,-0.16287461,-0.16513188,-0.14166741,-0.00069679,-0.01231177,-0.16003662,0.03058291,-0.02359714,-0.02119615,-0.00258639,-0.08706054,-0.02992663,-0.14327785,-0.01409755,-0.06997631,-0.16865994,-0.00171700,-0.00415978,-0.00119007,-0.15487725,-0.06207846,-0.02054784,-0.16744271,-0.09069954,-0.10492150,0.18033436,-0.00009089,0.96218663,-0.10827479,-0.00162523,-0.04100069,-0.11027498,-0.00713391,-0.02156219,-0.03462375,-0.02507372,-0.05376644,-0.04793612,-0.14447095,-0.15842983,-0.12154569,-0.09362498,0.00645621,-0.14040343,0.48416540,-0.08672982,-0.03604776,-0.00704349,-0.00778762,-0.05236798,-0.03520407,-0.01046914,-0.12583870,-0.01418512,-0.13512962,-0.16965131,-0.04281599,0.45031288,-0.09833776,-0.00361319,-0.04906019,-0.10329140,-0.16678706,-0.00638020,-0.13735330,-0.16689207,-0.06355300,-0.03650795,-0.13451704,-0.01906271,-0.11544001,-0.10049232,-0.12437717,-0.06422522,-0.03843840,-0.01612809,-0.08669728,-0.13833554,-0.12266728,-0.03386435,-0.04354593,-0.11496755,-0.01254023,-0.01070148,-0.01725472,-0.08526377,-0.07696024,-0.11714809,-0.02221672,-0.14075218,-0.03742552,-0.00568685,-0.16738637,-0.10797571,-0.00083386,-0.03248390,-0.02509094,-0.08634550,-0.15864149,-0.04335974,-0.00533328,-0.14250615,-0.01762908,-0.16443294,-0.01479971,-0.13351734,-0.07380129,-0.00391031,-0.00721331,-0.16327274,-0.00147739,-0.13336238,-0.01066807,-0.00231895,-0.11059568,-0.02021842,-0.04814182,-0.16863425,-0.16517077,-0.13036993,-0.07453819,-0.00693337,-0.12582219,-0.07330129,-0.00060369,-0.00369155,-0.14968002,-0.00605441,-0.16712299,-0.16801931,-0.00256816,-0.00586905,-0.09327759,-0.11961006,-0.05184017,-0.01088581,-0.02261386,-0.00669952,-0.15157694,-0.09290735,-0.01759818,-0.00646513,-0.02550272,-0.01688789,-0.07434009,-0.01959799,-0.10695320,-0.16995649,-0.16532603,-0.05343855,-0.00225322,-0.05186522,-0.01721222,-0.14818788,-0.10596122,-0.01462216,-0.01228705,-0.06487211,-0.00000468,-0.06652658,-0.08174034,-0.03068231,-0.08118274,-0.07106967,-0.10271661,-0.00010072,-0.16923749,-0.02162229,-0.16543159,-0.01329333,0.14142059,-0.13649788,1.66940427,-0.16398618,-0.02196572,-0.00401224,-0.10891727,-0.14973472,-0.00934281,-0.08446272,-0.01124312,-0.01845226,-0.00016459,-0.02927400,-0.08525040,-0.00034710,-0.06744860,-0.03854658,-0.16664192,-0.08730983,-0.02629399,-0.00699343,-0.00042067,-0.15346338,-0.04728014,-0.02249129,-0.00585146,-0.02411498,-0.00569450,-0.02198041,-0.08530557,-0.10234559,-0.16584601,-0.11784868,-0.00753363,-0.09792580,-0.06426455,-0.01827280,-0.00281431,-0.09720373,-0.02281156,-0.16993897,-0.10190617,-0.10394908,-0.00112705,-0.00227285,-0.07958584,-0.00075514,-0.00133995,-0.05272623,-0.07942562,-0.11902781,-0.00993512,0.22926344,-0.07511710,-0.10159240,-0.08258752,-0.04961074,-0.16080584,-0.00508647,-0.03172904,-0.16340430,-0.16376524,-0.04756249,-0.11521088,-0.00419657,-0.07120351,-0.03694086,-0.16232014,-0.13856153,-0.15826081,-0.00075873,-0.08934648,-0.16905038,-0.00292916,-0.03617118,-0.07548197,-0.01062085,-0.04580864,-0.02798057,-0.07198875,-0.09974634,-0.14809851,-0.16359609,-0.13176797,-0.16682026,-0.00340650,-0.01534945,-0.00027581,-0.00037340,-0.16841747,-0.16565494,-0.07490708,-0.00096767,-0.03185334,-0.16567059,-0.15213194,-0.04602498,-0.16936260,-0.11985265,-0.10987598,-0.00983367,-0.02314551,-0.01535862,0.92371112,0.10146172,-0.07659584,-0.05873816,-0.13408303,-0.16994876,-0.01213842,-0.00023492,-0.16990289,-0.13296606,-0.07820565,-0.01945755,-0.12804009,-0.15434773,-0.16792259,-0.12783872,-0.03963183,-0.09953000,-0.00093502,-0.16842334,-0.00299963,-0.03316383,-0.06636959,-0.01966398,-0.14261916,-0.08343945,0.01919826,-0.00615373,-0.03793999,-0.01856799,-0.09383506,0.00407748,-0.01073597,-0.15619411,-0.04479914,-0.02031604,-0.12087490,-0.00586882,-0.05881806,-0.00048186,-0.00142038,-0.01167876,-0.09232009,-0.00746095,-0.03253911,-0.09412081,-0.01819981,-0.15223858,-0.04467791,0.18839806,-0.11661519,-0.11260698,0.56106842,-0.00680206,-0.09759019,-0.15729710,-0.04078114,-0.05106008,-0.13292658,-0.05092250,-0.10954000,-0.10468605,0.11115372,-0.13680241,-0.04427389,-0.15537855,0.77747285,-0.08851575,0.28903559,-0.16569282,-0.04953808,0.33910292,-0.05302668,-0.16528374,-0.04370200,-0.09218500,-0.00573288,-0.00477296,-0.00453762,-0.00713982,-0.00003251,-0.14979567,-0.04971290,-0.01147037,-0.00111995,-0.09346420,-0.02522481,-0.00000016,-0.16979037,-0.14548357,-0.00852292,-0.14288823,-0.02124292,-0.03126973,-0.01063071,-0.04964975,-0.02996735,-0.04908319,-0.01626774,-0.00664802,-0.00316177,-0.16448750,-0.01175358,-0.12180265,-0.12420069,-0.01107250,-0.05500483,-0.14926258,-0.03220754,-0.07190822,-0.11231562,-0.15834160,-0.00774355,-0.08616341,-0.04154256,-0.13448612,-0.03156179,-0.04665411,0.91446966,-0.06326859,0.16048142,-0.00162236,-0.07463840,-0.14825566,0.01364352,-0.11163846,-0.04059210,-0.06155131,-0.16851035,-0.03603301,-0.13917954,-0.01339720,-0.00231636,-0.08666696,-0.05733047,1.35774696,0.21280187,-0.12893768,-0.15875566,-0.05007008,-0.05784493,-0.15925847,0.54730594,-0.16177827,-0.01243897,-0.00140670,-0.15694046,-0.00148401,-0.15602317,-0.00197652,-0.10495575,0.12560928,-0.00219081,-0.15115942,-0.12046231,-0.16403599,-0.09123085,-0.01006647,-0.01173185,-0.02939991,-0.05807410,-0.08835889,-0.16866522,-0.07790727,-0.14513862,-0.00411484,-0.16343538,-0.03767234,-0.10875585,0.19638458,-0.00501078,-0.16543955,-0.00187244,-0.03712936,-0.00416418,-0.07624595,-0.02434880,-0.02170039,-0.02068976,-0.05287301,-0.15049054,-0.02754244,-0.04700115,-0.16531521,-0.04191460,-0.04112418,-0.03664715,-0.00395918,-0.08602756,-0.00199583,-0.00999065,-0.08836219,-0.10540542,-0.00000134,-0.00317422,-0.00088544,-0.16034231,-0.00234471,-0.05309690,-0.04270329,-0.13440645,-0.08434721,-0.04684165,-0.00000031,-0.00660721,-0.14384551,-0.00552759,-0.05209652,-0.03847089,-0.13777307,-0.05170504,0.61732715,-0.00470136,-0.14227642,-0.01654405,-0.05590207,-0.00210745,0.07388178,-0.03286291,-0.06156431,-0.16368809,-0.15616664,-0.16585916,-0.01362606,-0.00962367,-0.00752662,-0.06697821,-0.00623854,-0.03130136,-0.16020322,-0.00861463,-0.11526321,-0.00049034,-0.00529758,-0.16591094,-0.11978921,0.20618695,-0.08373456,-0.13437861,0.00210888,-0.02172122,-0.06303483,-0.16735780,-0.13334505,-0.03544497,-0.00606063,-0.15310176,-0.02588440,-0.00324339,-0.05247916,-0.01973440,-0.00866277,-0.00584384,-0.12087102,-0.02483814,-0.00691148,1.32106674,-0.15305004,-0.00014491,-0.03388920,-0.02018071,-0.08193903,-0.16993301,-0.16953816,-0.15191026,-0.10651564,-0.00202599,-0.00874709,-0.05889684,-0.05260650,-0.00554579,-0.16309634,-0.01688154,-0.01525432,-0.12753507,-0.13301598,-0.01792358,-0.00052816,-0.02372641,0.51398009,-0.01392237,-0.16394147,-0.01848505,-0.16988212,-0.04128437,-0.05361834,-0.00863058,-0.03855744,-0.13596708,-0.00006971,-0.13068515,-0.07057156,-0.07043809,0.10762960,-0.06208071,-0.01127913,-0.00127902,-0.00269726,-0.00012526,-0.13229091,-0.01389710,-0.00208144,-0.03400674,-0.05267179,-0.04714703,-0.08339422,-0.00475592,-0.15621784,-0.07034115,-0.02795109,-0.10880420,-0.11953334,-0.02905206,-0.00074378,-0.03736912,-0.08850750,-0.13068181,-0.00438615,-0.00004667,-0.02383338,-0.14724723,-0.00116869,-0.04117749,-0.07495838,-0.02678622,-0.08706723,-0.13841645,-0.13276300,-0.12343305,-0.08802889,-0.16209762,-0.01062050,-0.12332889,-0.14253588,-0.04033134,-0.00330222,-0.03950427,-0.05156938,0.34884033,-0.08640257,-0.16226567,-0.00946082,-0.16501881,-0.00571813,-0.01176831,-0.07637706,-0.02449928,-0.03097453,-0.00603152,-0.02875739,-0.01767689,-0.00446875,0.91473186,-0.01221612,-0.14963983,-0.11881367,-0.01416245,-0.04187455,0.39063758,-0.04355440,-0.01933651,-0.05997022,-0.00410563,-0.00232740,-0.01161817,-0.00502052,-0.16927645,-0.01483181,-0.01878147,-0.14270405,-0.05918796,-0.07483482,-0.09652396,-0.08775488,-0.14547621,-0.00159827,-0.14324324,-0.14529443,-0.00329802,-0.11012792,-0.00249974,-0.06584097,-0.16982725,-0.14468853,-0.00329174,-0.09684432,-0.12161631,-0.07871708,1.44289184,-0.00684476,-0.01064050,-0.01652558,-0.05007705,0.43876743,-0.14484552,-0.00788298,-0.00518815,-0.02837236,-0.15282118,-0.05033302,-0.03161846,-0.16628827,-0.04792207,-0.03168810,-0.01874684,-0.05708912,-0.04756393,-0.03798147,-0.00458077,-0.15671593,-0.11714220,-0.13341978,-0.00982506,-0.00314732,-0.00428661,-0.01423601,-0.04819641,-0.01853173,0.01168210,-0.10047489,-0.11610350,-0.05694607,-0.16963844,-0.03255086,-0.04404886,-0.01861376,-0.05452350,-0.11367255,-0.00000000,-0.11092395,-0.04656188,-0.07520426,-0.15839149,-0.11896550,0.01635610,-0.01062933,-0.02686034,-0.02822787,-0.02077380,-0.00148301,-0.01887377,-0.06602331,-0.13804744,0.05353359,-0.03474857,-0.08605848,-0.11795606,-0.05659135,-0.09237389,-0.16346443,-0.02492864,-0.11683781,-0.11482713,-0.16995849,-0.02123310,-0.00106302,-0.04583941,-0.08707745,-0.15689477,-0.14925662,-0.00171013,-0.13118678,-0.03873986,-0.16710611,-0.02732581,-0.00427903,-0.12286699,-0.09165815,-0.03658161,0.18379718,-0.04791940,-0.14062479,-0.03111031,-0.14849767,0.12987840,-0.11868443,-0.15356147,-0.07652543,-0.00827634,-0.02071533,-0.16997084,-0.00778966,-0.03252542,-0.00073026,-0.07486579,-0.08677470,-0.06539339,-0.16517159,-0.01507232,-0.06176281,-0.02658821,-0.03935467,-0.01525438,-0.01729245,-0.16850433,-0.07864022,-0.07594375,-0.00995201,-0.00271046,-0.14264053,-0.12346639,-0.00810878,-0.05202451,-0.01755860,-0.00694212,-0.13982043,-0.01673901,-0.03738221,-0.08837751,-0.00048943,-0.10786136,-0.09460098,-0.11953226,-0.09230955,-0.06068686,-0.06310738,-0.00651597,-0.14274094,-0.14137238,-0.03437467,-0.12739842,-0.16614398,-0.16937703,-0.00733708,-0.00000358,-0.13618861,-0.00166747,-0.11057481,-0.09916849,-0.09866080,-0.16968386,-0.13983536,-0.00151824,-0.16639987,-0.16941249,-0.04357129,-0.14998417,-0.15907255,-0.10707946,-0.07156827,-0.03403641,-0.02057164,-0.01739094,-0.00764828,-0.11604106,-0.13615677,-0.14668170,-0.16196257,-0.16997080,0.79077148,-0.12628709,-0.01080372,-0.01099917,-0.09755115,-0.01674271,-0.00966599,-0.00013890,-0.01018682,-0.07920165,-0.00186023,-0.16709751,-0.00658770,-0.12039563,-0.08382008,-0.09339853,-0.16850318,-0.09331573,-0.00643091,-0.00858341,-0.15810537,-0.13649707,-0.12112138,-0.16997105,-0.10087241,-0.14386536,-0.15656376,-0.00380106,-0.14986068,-0.06070902,-0.00645058,-0.00291297,0.28546008,-0.00042578,-0.00930306,-0.00178220,-0.00371293,-0.09330971,-0.06260606,-0.00001452,-0.07573885,-0.00000000,-0.09789061,-0.01129672,-0.05674878,0.12249919,-0.02783906,-0.01566842,-0.02740441,-0.00024978,-0.12306400,-0.01972167,-0.12232569,-0.04362921,-0.08517970,-0.00059160,-0.00467003,-0.00678256,-0.07306707,-0.02382928,-0.01814325,-0.00308820,-0.13475345,-0.00854070,-0.15726231,-0.02780847,-0.10620040,-0.15038468,-0.01453091,-0.10526609,-0.00644465,-0.08513882,-0.10513663,-0.03319179,-0.16990367,-0.05186923,-0.08715563,-0.09683592,-0.02022666,-0.00545690,-0.01135192,-0.02723774,-0.00625242,-0.16967200,-0.05745226,-0.16808620,-0.16997109,-0.05040150,-0.03650790,-0.14905868,2.64869332,0.25752917,-0.00174180,-0.15111233,-0.16166119,-0.06901875,-0.04486023,-0.01338796,-0.16505007,-0.11831104,-0.07279661,-0.00003238,-0.02307824,-0.01437264,-0.03983613,-0.02608676,-0.00844598,-0.00742229,-0.00355995,0.04440453,-0.00800069,-0.12523557,-0.10408021,-0.14495206,-0.07730147,-0.05237349,-0.05021010,-0.16917419,-0.15451242,-0.08815587,-0.07522772,-0.07054106,-0.00053887,-0.12524790,-0.11764024,-0.00319055,-0.11376292,-0.05930799,-0.08754698,-0.05912692,-0.02194737,-0.06590522,-0.06813136,-0.02163756,-0.09560777,-0.00456181,0.01962653,-0.03320334,-0.16424927,-0.11738111,-0.00716079,-0.00300280,-0.15645212,-0.00559346,-0.02509339,-0.03235235,-0.09642418,0.19888490,-0.00063424,0.00064672,-0.12272354,-0.14461249,0.14435393,-0.15778916,-0.16359079,-0.12686121,-0.00394290,-0.07296285,-0.07756354,-0.00041668,-0.08187530,-0.08849825,-0.15640695,-0.02993948,-0.13638848,-0.00546145,-0.03701482,-0.09558570,-0.04496425,-0.13927086,-0.01574656,-0.07940986,-0.01841077,-0.13126220,-0.02309665,-0.08246077,0.02176019,-0.00914016,-0.03370702,-0.02502806,-0.16334878,-0.00897681,-0.00464364,-0.08718506,-0.03671781,-0.06029726,-0.05862450,-0.00399179,-0.01098512,-0.04151148,-0.00115986,-0.03283375,-0.14508671,-0.04789981,-0.00315770,-0.00261276,-0.05244356,-0.02565640,-0.03138170,-0.08645324,-0.03656659,-0.13873751,-0.05043583,-0.09145879,-0.03195792,-0.03427126,-0.00583728,-0.04139335,-0.02366803,-0.09291103,-0.02680544,-0.03471787,-0.06671568,-0.02710407,-0.10305696,-0.16988173,-0.00253304,-0.03967470,-0.04959847,-0.15822102,-0.10908090,-0.15846527,-0.07376965,-0.03727030,-0.16421935,-0.00175853,-0.03541733,-0.13201465,-0.16922151,-0.06119494,-0.03911147,-0.11406480,-0.08540001,-0.06286338,-0.03276766,-0.16470066,-0.04819968,-0.07340249,-0.04986785,-0.00002561,-0.02045769,-0.14055993,-0.03253478,-0.00001605,-0.09828970,-0.00169636,-0.02328800,0.40850103,-0.05070160,-0.06921282,-0.10107213,-0.02034881,-0.07861992,-0.14218731,-0.12162435,-0.14126979,-0.00919114,-0.14978451,-0.01796935,-0.14948325,-0.09764469,-0.05998909,-0.08005428,-0.02535966,-0.00767580,-0.01961255,-0.03553753,-0.14257319,-0.02811377,-0.00894794,-0.13879707,-0.05343299,-0.01372909,-0.01543299,-0.01569211,-0.13331535,-0.05805747,-0.02057165,0.20685467,-0.04642483,-0.03236559,-0.01247331,-0.00740313,-0.16700502,-0.08436638,-0.16745961,-0.05258701,-0.01725322,-0.01461698,-0.15069030,-0.06539777,-0.11477104,-0.00619129,-0.03405643,-0.00651432,-0.01092705,-0.10762240,-0.16513108,-0.01774819,-0.00575542,-0.00554511,-0.12766165,-0.08837581,-0.10128454,-0.04291151,-0.16193859,-0.00380300,-0.11701607,-0.01409689,-0.06424621,-0.14035620,-0.02678701,-0.11066432,-0.12337763,0.03559363,-0.15373755,-0.13691886,-0.00013243,-0.16624241,-0.00477092,-0.15530998,-0.00938381,-0.00618955,-0.06082617,0.24179293,-0.00759457,-0.08736526,-0.15415972,-0.00811319,-0.14130561,-0.03835984,-0.03414448,-0.07220769,-0.00489262,-0.13015132,-0.07536176,-0.00844556,-0.08892919,-0.01370139,-0.10678725,-0.00276329,-0.06560013,-0.12034012,-0.00568968,-0.00314391,-0.07064272,-0.00614110,-0.02463358,-0.01295778,0.23547146,-0.01181126,-0.02295060,-0.16400124,-0.15855804,-0.11616742,-0.14786571,-0.07266288,-0.16077949,-0.02310166,-0.03837457,-0.00272493,-0.01885657,-0.15933733,0.01072698,-0.15121661,-0.14817542,-0.00029586,-0.00598250,-0.13652176,-0.05911208,-0.08302111,-0.07010493,-0.00249171,-0.01025876,-0.03187638,-0.02979269,-0.08974548,-0.07132062,-0.00995109,-0.05972684,-0.14863060,-0.00657879,-0.02906564,0.13829829,-0.10741872,-0.06522913,-0.12178984,-0.09029483,-0.06314129,-0.14152630,-0.00691117,-0.04515279,0.55562991,-0.15151431,-0.13477342,-0.13188531,-0.14726864,-0.16241275,-0.00049548,-0.01237392,-0.03233318,-0.16992719,-0.10568117,-0.16702434,-0.00661275,-0.02255146,-0.08502955,-0.00252365,0.12285674,-0.06126141,-0.06215592,-0.01374792,-0.02813598,-0.02330370,-0.04228133,-0.05923920,-0.03989673,-0.04277658,-0.01179449,-0.07282663,-0.00376271,-0.03233471,-0.00250247,-0.05754285,-0.11384393,-0.07653026,-0.10295591,0.24385178,-0.00995989,-0.08057934,-0.06144403,-0.02370564,-0.11264545,-0.16748501,-0.14854465,-0.14201437,-0.13022605,-0.00330874,-0.16777131,-0.07785375,-0.00147720,-0.03442288,-0.11970487,-0.13385426,-0.03482875,-0.08711774,-0.00751921,-0.12611985,-0.00329364,-0.00000000,-0.07230832,1.10906899,-0.02680857,-0.00024445,-0.04135502,-0.13821620,-0.14126094,-0.03826069,-0.09512313,-0.09780195,-0.00027168,-0.16900514,-0.05904210,0.03818460,-0.01356414,-0.04344339,-0.01040847,-0.04948847,0.56948328,-0.14465092,-0.01369753,-0.13343684,-0.11538607,-0.14911380,-0.04051541,-0.11441176,-0.16991179,-0.00077279,-0.16969091,-0.05432364,-0.01775037,0.02173384,-0.00462984,-0.09043063,0.11942327,-0.13043441,-0.12195920,-0.04973510,-0.01335861,-0.03063573,-0.09356607,-0.13901110,-0.00744585,-0.10157275,-0.08959518,-0.04487731,0.18831405,-0.01324305,-0.11908075,-0.16489315,-0.04372193,-0.00061725,-0.16957630,-0.07859478,-0.16791107,-0.16996495,-0.16985475,-0.07735087,-0.00471505,-0.00189540,-0.16526704,0.13363770,-0.01593192,-0.00861713,-0.02562637,-0.16969290,-0.06985178,-0.01838227,-0.07984497,-0.16893908,-0.03623209,-0.16146584,-0.04414425,-0.04967682,-0.01072998,-0.01953919,-0.06740045,-0.15580264,-0.00173002,-0.03612728,-0.06277609,-0.03088367,-0.01185423,-0.01904126,-0.16415663,-0.00063019,-0.02994914,0.23023099,-0.06192391,-0.06214626,-0.11653889,-0.06231145,-0.01619218,-0.01163830,-0.05859059,1.28942430,-0.06841649,-0.15626766,-0.16419336,-0.12388316,-0.09960961,-0.00342048,-0.07767793,-0.04808141,-0.00084530,-0.00200846,-0.00653103,-0.11405591,-0.01874151,-0.16962458,-0.11118263,-0.09882687,-0.02301984,-0.13938461,-0.06188773,-0.05084242,-0.00003214,0.24168372,-0.12193806,-0.01592511,-0.12113420,-0.00008848,-0.16665620,-0.02086511,-0.11410390,-0.07295118,-0.16901472,-0.07779828,-0.03635057,-0.11833939,-0.09567849,-0.01149266,-0.06500865,-0.00957345,-0.01478756,-0.00125938,-0.00092864,-0.00037464,-0.13115922,-0.00882998,-0.08432075,-0.16992344,-0.00836893,-0.01905831,-0.00959045,-0.01019725,-0.00022290,-0.02108267,-0.09885687,-0.01499892,-0.01131411,-0.12825245,-0.00404720,-0.11260705,-0.00008203,-0.07451423,-0.06349067,-0.01806024,-0.06190159,0.24320136,-0.15211280,-0.01231729,-0.13008389,-0.16535644,-0.00336373,-0.16236506,-0.08194374,-0.03489558,-0.01466839,-0.12525417,-0.08853395,-0.00288747,-0.13435377,-0.08589902,-0.09457980,0.41211897,-0.14494595,-0.02044255,-0.15271598,-0.13357724,-0.16836728,-0.16872184,-0.00228771,-0.00383579,-0.06329583,-0.07097979,-0.00961531,-0.16204761,-0.01922626,-0.08645441,-0.02550443,-0.01728745,-0.00459253,-0.06273268,-0.12194801,-0.00059973,-0.06022884,-0.03623704,-0.06084032,-0.05664515,-0.06774194,-0.06086122,-0.01948124,-0.01764525,-0.01618369,-0.16272676,-0.03143537,-0.02750883,-0.04307663,-0.16644183,-0.14966634,3.66345549,-0.00395732,-0.02451717,-0.16611956,-0.00278792,-0.07937822,1.53517175,-0.01677893,-0.00195383,-0.04384407,-0.06329015,-0.04605190,-0.03254260,0.85551876,-0.01943827,-0.00588146,-0.15403104,-0.15715137,-0.16305639,-0.14423177,-0.01254745,-0.16508783,-0.10421998,-0.02608461,-0.14513128,-0.12234992,-0.16344357,-0.13900311,-0.07319648,-0.03565693,-0.00217900,-0.01199827,-0.09751112,-0.01782800,-0.01980107,-0.16967019,-0.10424244,-0.00958251,-0.16795240,-0.03436323,-0.06914539,0.03241889,-0.00178246,-0.03778343,-0.05585060,-0.16061412,-0.16114929,-0.02021793,-0.15813948,-0.07433491,-0.01352710,-0.01500097,0.26292661,-0.02899034,-0.11199499,-0.01324979,-0.02074412,-0.05388751,-0.12245124,0.41944516,-0.00089022,-0.01301120,-0.16764420,-0.16993721,-0.13707221,-0.07080998,-0.16652296,-0.15492897,-0.04847620,-0.16142485,-0.04201687,-0.09756434,-0.01729969,-0.08357003,-0.09644095,-0.02085477,-0.10512326,-0.09827962,-0.07555344,-0.15966913,-0.13610782,-0.00141445,-0.03654692,-0.16949524,-0.03667427,-0.00744452,-0.00085211,-0.16262041,-0.01517610,-0.02811405,-0.12776950,-0.05305282,0.73965323,-0.03708503,-0.05911593,-0.00017294,-0.02674047,-0.03465335,-0.08062977,-0.16278563,-0.06335878,-0.03307932,-0.03580645,-0.16960792,-0.02516564,-0.15337741,-0.08736804,-0.12089562,0.29616889,-0.16044350,-0.16550779,-0.04052043,-0.00719525,-0.12318539,-0.15486160,-0.16574778,-0.16981523,-0.00371886,-0.00550998,-0.01332330,-0.13607264,-0.03594210,-0.16015953,-0.01710174,-0.04424052,-0.06114246,-0.00002486,-0.01946672,-0.00302250,-0.01517841,-0.08659127,-0.08194169,-0.09228577,-0.16720310,-0.00000220,-0.06028052,-0.01957518,-0.00041463,-0.08564051,-0.10026907,-0.06673262,-0.00046587,-0.00623922,-0.01737341,-0.00654781,-0.02417695,-0.03784461,-0.00205016,-0.01503691,-0.04763088,-0.12525459,-0.08757759,-0.00349342,-0.02668085,-0.05270609,-0.03848726,-0.12492140,-0.03136919,-0.02619792,-0.15958187,-0.10166240,-0.02808389,-0.03247242,-0.16867019,-0.00022171,-0.01587351,-0.02457967,-0.06540523,-0.03878159,-0.01439966,-0.00661574,-0.03777543,-0.01028222,-0.00106809,-0.01792414,-0.16586544,-0.09928610,-0.00938500,-0.01963330,-0.05247651,-0.00005524,-0.02240609,-0.08877826,-0.04933162,-0.03123199,-0.10965256,-0.01499060,-0.16549523,-0.16964990,-0.14175111,-0.00315172,-0.05748400,-0.10941634,-0.12968051,-0.05669629,-0.01342798,-0.00446756,-0.16937643,-0.02076147,1.08970845,-0.01142210,-0.00014857,-0.00243460,-0.01987977,0.31430855,-0.16011386,0.02518757,-0.01655812,-0.16774780,-0.01650058,-0.11248977,-0.16616340,-0.01051386,-0.03880409,-0.06778713,-0.07046647,-0.00381839,-0.07273344,-0.01169387,-0.00341029,-0.01227845,-0.05245091,-0.00640432,-0.02309053,-0.05926440,-0.09686450,-0.04604610,-0.02593028,-0.01464321,-0.13212721,-0.16276529,-0.14004120,-0.05678707,-0.01878859,-0.05408278,-0.13217604,-0.02861895,-0.05068527,-0.00000163,-0.01096531,-0.16797066,-0.04762377,-0.16240183,-0.09035552,-0.05483851,-0.13865383,-0.13495018,-0.00157936,-0.04422219,-0.16970357,-0.07169573,-0.15734616,-0.12935825,-0.08737939,-0.00269438,-0.16692367,-0.16468480,-0.10030413,-0.08526654,-0.07680824,-0.01397246,-0.01136907,-0.08922578,-0.05794812,-0.00000000,-0.12438732,-0.01024009,-0.04938307,-0.08856110,-0.09503397,-0.10170387,-0.14327960,-0.07598472,-0.00871345,-0.02495359,-0.06281707,-0.02698736,-0.08918022,-0.03441924,-0.04513268,-0.02641564,-0.12100513,-0.00099842,-0.11718503,-0.16789958,-0.05826934,-0.00556376,-0.12679523,-0.00590939,-0.09366794,-0.13190344,-0.00799177,-0.15966582,-0.06014324,-0.02766515,-0.02457090,-0.03511659,-0.00112621,-0.00703269,-0.16922872,-0.02230652,-0.10882799,-0.02417534,-0.01123036,-0.01953171,-0.00582684,-0.02663544,-0.04243904,-0.00011738,-0.01123234,-0.04353372,-0.00357172,-0.11283148,-0.16993728,-0.13060114,-0.09627523,-0.12218847,-0.15418220,-0.06234382,-0.16994810,-0.04789921,-0.16921502,-0.00044444,0.21418467,-0.04004283,-0.00490490,-0.01476087,-0.02380089,-0.16822363,-0.07688077,-0.06775276,-0.00171083,-0.02124256,-0.00648254,-0.16611664,-0.00804647,-0.00919015,-0.00623062,-0.12771624,-0.16297036,-0.01449173,-0.04390652,-0.04782281,-0.16542645,-0.04627225,-0.01384873,-0.06795113,-0.01920804,-0.11187258,-0.05419075,-0.04044866,-0.06378038,0.44302157,-0.00253022,0.01111216,-0.00185528,-0.00280336,0.95086616,-0.15912215,-0.12737660,-0.00029039,-0.03167041,-0.04290156,-0.06591816,-0.16996911,-0.16991046,-0.08233089,-0.13140279,-0.02792249,2.90104127,-0.04240705,-0.00287890,-0.04897609,-0.00852844,0.46870354,-0.15593548,-0.00335508,-0.00246690,-0.05617492,-0.00084750,-0.07000964,-0.04451471,-0.01907199,-0.01184923,-0.08803177,-0.16437273,-0.12350378,-0.07506759,-0.02937353,-0.01887904,-0.06029128,-0.12192358,-0.01229113,-0.15583290,0.88352275,-0.00171289,-0.06624930,-0.15934652,-0.01569434,-0.11522292,-0.00282416,-0.15985245,-0.16527498,-0.15427433,-0.02418374,-0.00036731,-0.04782448,-0.01135369,-0.00199556,-0.00615819,-0.09239012,-0.02985175,-0.00653493,-0.06057243,-0.00116349,-0.02235154,-0.08291293,-0.01861584,-0.12757903,-0.00003593,-0.00029313,-0.11409682,-0.00485834,-0.05573016,-0.01282015,-0.06847896,-0.03731407,-0.04432955,-0.16989470,-0.08306449,-0.16992673,-0.01225390,-0.00056066,-0.14853776,-0.02713872,-0.00647414,-0.00415314,-0.15281643,-0.00802858,-0.16988267,-0.16795379,-0.04323723,-0.08808298,-0.10981071,-0.08152172,-0.00639508,-0.05123645,-0.14185424,-0.09703399,-0.05660275,0.34074602,-0.07266321,-0.01156953,-0.11550663,-0.07318274,-0.00495897,-0.06021237,-0.01806352,-0.00044861,0.60346639,-0.03111369,-0.10056565,-0.01172190,-0.07136431,-0.00397940,-0.05807228,-0.00193596,-0.04030209,-0.03223325,0.10299627,-0.07924792,-0.15718810,-0.08250608,-0.16568923,-0.11636948,-0.06093474,-0.00047974,-0.14393221,-0.00260579,-0.03052106,0.17459530,-0.10866346,-0.03756946,-0.15906025,-0.05302197,0.30337518,-0.02821397,-0.02016570,-0.00138014,-0.07960539,-0.15577860,0.12167563,-0.00033524,-0.08739269,-0.02300327,-0.04720983,-0.09643257,-0.12832674,0.26139477,-0.01858421,-0.04103773,-0.05701054,-0.15980422,-0.00115344,-0.04429243,-0.15584090,-0.00012245,-0.13505580,-0.02878494,-0.15354851,-0.02880786,-0.15761358,-0.13990404,-0.03133870,-0.09420002,-0.00525054,-0.01012334,-0.10861903,-0.12887184,-0.09695950,-0.16976550,-0.16687635,-0.09538388,-0.11251996,-0.00767485,-0.16988489,-0.11769176,-0.16243351,-0.00279029,-0.01708439,-0.03107852,-0.00340379,-0.11443271,-0.00003165,-0.12148054,-0.00431163,-0.00002894,-0.03562118,-0.01426115,-0.02405309,-0.00178238,-0.12419572,-0.02910157,-0.16311964,-0.07807659,-0.16252801,-0.01207902,-0.06389262,-0.14269537,-0.06110221,-0.01897031,-0.12387901,-0.06248458,-0.09714755,-0.00313228,-0.02972570,-0.16969004,-0.08733912,-0.02803586,-0.01692555,-0.02776979,-0.00827368,-0.04341748,-0.16561823,-0.02933643,-0.08452080,-0.16380642,-0.14148194,-0.06899459,-0.02110137,-0.01355230,-0.01254538,0.11796223,-0.12796108,-0.00183624,-0.07553169,-0.09623845,-0.02353779,-0.01015936,-0.01049196,-0.07158924,-0.00006855,-0.00618275,-0.00054628,-0.15240936,-0.07788391,-0.13559839,-0.12277520,-0.06039323,-0.04872380,-0.05566030,-0.01672082,-0.00453833,-0.14377353,-0.00962605,-0.00002820,-0.02358874,-0.03561528,-0.00975655,-0.15052758,-0.05011329,-0.00207385,0.01997470,-0.01635941,-0.05943525,-0.11878040,-0.04399174,-0.02612623,-0.00307038,-0.03605251,-0.05477871,-0.03265332,-0.06677788,0.00960962,-0.00675604,-0.07164338,-0.00123952,-0.03340890,-0.00329860,-0.00128243,-0.08465897,-0.14663440,-0.01694945,-0.04162652,-0.06344549,-0.00277232,-0.00232593,-0.03106377,-0.12826714,-0.11481496,-0.07635289,-0.01116747,-0.11082407,-0.11921767,-0.16923493,-0.00284167,-0.10166786,-0.03515063,-0.00176370,-0.03634689,-0.03613187,0.02453070,-0.15915070,-0.02919241,-0.13851506,-0.04825645,-0.02904615,-0.00977313,-0.01321476,-0.00829746,-0.15492225,-0.04622722,0.40437421,-0.00000683,-0.03517885,-0.02279496,-0.00679872,-0.01108823,1.28860772,-0.01543017,-0.10233944,-0.16984005,-0.10450856,-0.00061794,-0.08287068,-0.07896328,-0.02922982,-0.00547238,-0.07719242,-0.02380344,-0.02103568,-0.11211472,-0.02110442,0.49464485,-0.08116302,-0.00408333,-0.10384806,-0.09666253,-0.10473239,-0.00139858,-0.16311738,-0.02178723,-0.06789860,-0.16530801,-0.00419105,-0.16746856,-0.16133673,-0.00077627,-0.02403211,-0.16571996,-0.10625362,-0.04019275,-0.14548166,-0.00334914,-0.07196762,-0.00082704,-0.00828549,-0.16442713,-0.00336636,-0.08439166,-0.01064684,-0.12458582,-0.09195752,-0.03176714,-0.00326878,-0.05106785,-0.16867962,-0.08759963,-0.01531553,-0.04241623,-0.04489287,-0.13807771,-0.00004210,0.59674239,-0.16863300,-0.00548961,-0.08440775,-0.16996953,-0.16990647,-0.00086103,-0.06048923,-0.05134081,-0.13797802,-0.08031511,-0.10279664,-0.16875385,-0.12112708,-0.09716016,-0.01853252,0.96654952,-0.09004194,-0.01676334,-0.12461519,-0.02067965,-0.00505970,-0.02618931,-0.02716578,-0.02037045,-0.05603345,-0.16876902,-0.03435554,-0.00990208,-0.11691292,0.42011800,-0.07694277,-0.05312601,-0.00877078,-0.06260974,-0.04185897,-0.16302656,-0.00315122,-0.00938373,-0.03651814,0.39029479,-0.07301263,-0.02139767,4.31174803,-0.16516635,-0.04567229,0.46956509,1.54064465,-0.03287268,-0.03556786,-0.01705120,-0.04323454,-0.14644223,-0.03266008,-0.07046698,-0.00276852,-0.00092465,-0.01358156,-0.01702062,-0.00113135,-0.16940360,-0.13584073,-0.00712505,-0.05012034,-0.00709912,-0.05576516,-0.14648059,-0.00254584,-0.01890652,-0.01799157,-0.03541444,-0.00779221,-0.03107444,-0.01217459,-0.15951021,0.07515857,-0.00011411,-0.02225184,-0.15502964,-0.00052124,-0.16175763,-0.12602679,-0.03833538,-0.01336106,-0.11225068,-0.16003941,-0.00492179,-0.00753033,-0.04669705,-0.03832180,-0.00507410,-0.15311794,0.09160302,-0.10606688,-0.16801597,-0.00952043,-0.01265724,-0.06297014,-0.10607027,-0.03780665,-0.09917314,-0.00916813,-0.07924420,-0.12374935,-0.15752585,-0.02309350,-0.05993700,-0.00962850,-0.00507892,-0.11967792,-0.07960224,-0.01802009,-0.05336298,-0.12023996,-0.10108895,-0.10723531,-0.02564201,-0.00381863,-0.02126197,-0.03926979,-0.01651800,-0.16164103,-0.07126913,-0.06175366,-0.00291759,-0.02987997,-0.02129646,-0.00278118,-0.03702471,-0.16339520,-0.01137582,-0.03380966,-0.10374098,-0.12658410,-0.08347580,-0.13560687,0.33339834,-0.08453212,-0.06240934,0.07171673,-0.04240783,-0.09564556,-0.02637072,-0.16997106,-0.03355044,-0.01499073,-0.09060432,-0.09338016,-0.06786559,-0.07769947,-0.01600926,-0.15651873,-0.16973682,-0.09871510,-0.13020241,-0.15772277,-0.01768378,-0.07807487,-0.00034554,-0.16940260,-0.12030642,-0.00088238,-0.04942770,-0.10264062,-0.07964351,-0.00159179,-0.11848082,-0.07829137,-0.07083542,-0.09598561,-0.00344938,-0.00052194,-0.16997086,-0.04203267,-0.09813998,-0.01435001,-0.13725828,-0.00762366,-0.11902598,-0.13486026,-0.04601922,-0.01909464,-0.06868272,-0.03869437,-0.06969970,-0.02642924,-0.00071310,-0.04540453,-0.00431592,-0.05676059,-0.02110186,-0.03664456,-0.08148619,-0.03713656,-0.03506734,-0.00107513,-0.12586673,-0.15756574,-0.10988346,-0.00124165,-0.12501499,-0.12574723,-0.04123564,-0.16981845,-0.00060825,-0.00032616,-0.02237943,-0.06854951,-0.03474955,-0.04301584,-0.11915394,-0.02170075,-0.06878581,-0.02444970,-0.01488325,-0.13488637,0.18782091,-0.15959625,-0.16354540,-0.02500540,-0.08281893,-0.00153072,-0.03639393,-0.07014110,-0.01691161,-0.05076506,-0.16279902,-0.03137754,-0.03739808,-0.13973914,-0.00853468,-0.10273381,-0.06081475,-0.08584017,-0.02080311,-0.14773048,-0.16944060,-0.02031820,-0.00177766,-0.01846119,-0.14242461,0.77556753,-0.00008145,0.54634708,-0.00000710,-0.15304516,-0.05351132,-0.01259653,-0.12861378,-0.13575676,-0.16914068,-0.04030259,-0.08014789,-0.16629423,-0.11881320,0.35846606,-0.16054972,-0.07978153,-0.05863653,-0.00037103,-0.05650192,-0.00088286,-0.01331301,-0.10036519,-0.07618126,-0.07427750,-0.16778430,-0.03835417,-0.02450375,0.08752692,-0.02931876,-0.03841973,-0.07449206,-0.16568619,-0.13176553,-0.07428413,-0.15566619,0.07619412,-0.01788745,-0.01313311,-0.05340572,-0.07094349,-0.14468285,-0.02374874,-0.08219473,-0.11633550,-0.00332541,-0.02188521,-0.15646973,-0.01647938,-0.03200030,-0.00058435,-0.03052774,-0.05362224,-0.13742349,-0.10639349,-0.06868827,-0.07288830,-0.16718906,-0.05908609,-0.03954656,-0.16780056,-0.10013960,-0.05979282,-0.16774946,-0.02339878,-0.04607976,-0.00048014,-0.00090015,-0.00085681,-0.11994055,-0.00537891,0.47775638,0.17319146,-0.02137259,-0.16739444,-0.00724862,-0.16943458,-0.08213849,-0.16197939,-0.14861332,-0.00271766,-0.16558385,-0.00143622,-0.02197475,-0.11119610,-0.01333848,0.63400137,-0.00917592,-0.02938738,-0.00519039,-0.00139347,-0.14885831,0.00249368,0.05893281,-0.05888578,-0.01500484,-0.08254908,1.68210852,-0.03389948,-0.05205416,-0.02140217,-0.00545798,-0.07875154,-0.00911160,0.48769119,-0.00189620,-0.00488409,-0.06876021,-0.00798017,-0.02866797,-0.09261653,-0.06709152,-0.04556316,-0.04090554,-0.02063243,-0.02263032,-0.05339568,-0.06120167,-0.05192195,-0.03245173,-0.13341042,-0.00915970,-0.08793354,-0.11289237,-0.16236950,-0.00314616,-0.12509641,-0.12320389,-0.08719759,-0.14547075,-0.10123485,-0.09053435,-0.01404388,-0.06038122,-0.03623042,1.60308301,-0.00927883,-0.01548036,-0.14819615,-0.01429642,-0.03924594,-0.04240458,-0.00692142,-0.16653009,-0.03636950,-0.00184835,-0.14173746,0.01464288,-0.05268608,-0.16585648,-0.16443019,-0.00324480,-0.02668601,-0.01361293,-0.07700390,-0.10734968,-0.13783340,-0.05361665,-0.01040376,-0.00659166,-0.12896244,-0.00332466,-0.00600800,-0.09806184,-0.02133325,-0.01901163,-0.00658014,-0.16044475,-0.15666136,-0.04504855,-0.00951199,-0.04433569,-0.13170938,-0.12739564,-0.07832176,-0.13332926,-0.05899560,-0.04189072,-0.03410880,-0.00240457,-0.00629086,-0.12352952,-0.00602591,-0.08517829,-0.10019173,-0.04266526,-0.09725197,-0.01319591,-0.10633512,-0.04837709,-0.07408153,-0.16382259,-0.01332667,-0.02746130,-0.03156862,-0.07031013,-0.07568870,-0.01595646,-0.06568819,-0.16709492,-0.00392967,-0.06471179,-0.09594666,-0.03913605,-0.11545201,-0.06759813,-0.01079017,-0.00570314,-0.00260136,-0.08771062,-0.14742909,-0.00280824,-0.00005560,-0.13615513,-0.14330660,-0.03944857,-0.04623765,-0.05468047,-0.04799555,-0.00010653,-0.16943622,-0.01321562,-0.15072878,-0.00181444,-0.04376701,0.37281340,-0.05369337,-0.16751184,-0.07804279,-0.14330505,-0.15997618,-0.03182592,-0.11241449,-0.05039699,-0.04564071,-0.00667117,-0.00205444,-0.05351765,-0.02622418,-0.08155902,0.10779645,-0.16271585,-0.03088609,-0.11682880,-0.00485380,-0.02417211,-0.10290829,-0.01758169,-0.12780768,-0.05733473,-0.15307873,-0.15681520,-0.03483181,-0.04738713,-0.00389424,-0.09449014,-0.00097269,-0.04379429,-0.00404495,-0.15087755,-0.05483506,-0.02564472,-0.02751772,-0.02585721
-0.05608854,-0.11860822,-0.09760921,-0.04382321,-0.04647877,-0.01335690,-0.06832001,-0.14691943,-0.00056295,-0.00086122,-0.16945004,-0.05917715,-0.05030357,-0.00558417,-0.12598276,-0.03887661,-0.05807356,-0.15941165,-0.06856208,-0.08909655,-0.00777139,-0.16997020,-0.00000000,-0.02969988,-0.01470760,-0.12983018,-0.16958293,-0.06002783,-0.12302561,-0.02788938,-0.14233999,-0.13643692,-0.04505167,-0.01762641,-0.00082578,-0.00000046,-0.02409794,0.29186246,-0.14467761,-0.00013555,-0.03517828,-0.16237703,-0.07788007,-0.01668444,-0.06682014,-0.02769272,-0.14620471,-0.06104651,-0.08827957,-0.07421239,-0.00727454,0.34874290,-0.11801270,-0.13182102,-0.14890975,-0.06250752,-0.02369228,-0.01340267,-0.09376206,-0.00380583,-0.11692598,-0.01057643,-0.06006207,-0.01931885,-0.04285354,-0.12702319,-0.16074501,0.00214932,-0.06341926,-0.03132774,-0.01451341,-0.07968716,-0.07083596,-0.05912067,-0.12356387,-0.16304600,-0.14881320,-0.16810477,-0.04309700,-0.01825169,-0.12402014,-0.03228453,-0.07671934,-0.11422180,-0.02340755,-0.04021443,-0.08972423,-0.07714134,-0.16489613,-0.01070375,-0.01644270,-0.12554792,-0.07930240,-0.11023522,-0.15656157,-0.04523335,-0.14738952,-0.02162164,-0.01280652,-0.14361584,-0.05994646,-0.00873973,-0.04441464,-0.12389904,-0.14522375,-0.01450322,0.11998377,-0.14285484,-0.15273546,-0.16686347,-0.02326055,-0.01758480,-0.03516591,-0.04036609,-0.02291786,-0.04277230,-0.08460828,-0.15838169,-0.04920487,-0.00692995,-0.04666146,-0.03178104,-0.14059159,0.11861579,-0.07788311,-0.16732724,0.93920475,-0.03878293,-0.02386874,-0.04230421,-0.02729853,-0.13798451,-0.05558873,-0.09400429,0.16512673,-0.05152753,-0.00271613,-0.11526690,-0.00036917,-0.12608325,-0.08574323,-0.16997035,-0.00746960,-0.13758723,0.07262613,-0.01450529,-0.01007936,-0.12309868,-0.08190306,-0.13551800,-0.14821450,-0.06451320,-0.16864671,-0.10128144,-0.16901051,-0.05616499,-0.05123766,-0.14929704,-0.00975276,-0.07000434,-0.00523930,-0.08432528,-0.00040120,-0.04738528,-0.16131990,-0.07901967,-0.01481806,-0.02395141,-0.05002749,-0.02931887,-0.04350802,-0.02371033,-0.01826393,-0.14155939,-0.16934428,-0.15708911,-0.01049106,-0.16964434,-0.13069411,-0.02436621,-0.01786656,-0.00037495,-0.00443014,-0.01701823,-0.01662789,-0.10474674,-0.00448500,-0.10823076,-0.13238035,0.28980848,-0.13166358,-0.01242976,-0.00201162,-0.03475644,-0.01224658,-0.04609301,-0.02295661,-0.02780149,-0.04053462,-0.02369123,-0.14271538,-0.16891949,-0.01209659,-0.16402739,-0.02022316,-0.03688406,-0.00220001,-0.16997109,-0.06548767,-0.04150091,-0.06620003,-0.02160623,-0.05656653,-0.06506120,-0.05115012,-0.02435184,-0.06239610,-0.00465806,-0.03895105,-0.00885064,-0.16937888,-0.04256839,-0.07652960,-0.08051546,-0.04147168,-0.03735517,-0.04273707,-0.02439739,-0.00727307,-0.05964751,-0.03615386,-0.16454318,-0.06304507,-0.08171710,-0.13021109,-0.12212000,-0.00275012,-0.15188143,-0.01464003,-0.04065056,-0.05531628,-0.15939176,-0.12779588,-0.02327141,-0.02129253,0.02792117,-0.05217403,-0.00225728,-0.12514588,-0.06681741,-0.12993720,-0.16922139,-0.14212494,-0.03679176,-0.01094824,-0.00931048,-0.00000386,-0.07352600,-0.04782586,-0.00164372,-0.16011243,-0.12692036,0.09232617,-0.14513925,-0.01995785,-0.01409330,-0.05714079,-0.02352591,-0.10926031,-0.07549808,-0.08672388,-0.00514896,-0.00216753,-0.06134042,-0.00504926,-0.03038044,-0.01853511,-0.02142824,-0.00532169,-0.16757487,-0.09956213,-0.09171782,-0.00241984,-0.01336283,-0.05004781,-0.08380593,-0.02023268,-0.06830305,-0.02486060,-0.15682627,-0.00297211,-0.09247331,-0.03955305,-0.15951508,-0.11064751,-0.10837077,-0.13592499,-0.15240236,-0.02062812,-0.16541082,-0.14764374,-0.02232433,-0.13389646,-0.00715356,-0.00001771,-0.01022523,-0.03788717,-0.00118365,-0.01257236,-0.03555326,-0.11433592,-0.10527074,-0.00000000,-0.13787565,-0.05677936,-0.16114058,-0.04345460,-0.03390883,-0.16686891,-0.05785265,-0.16751529,-0.16855425,-0.01286691,-0.08247047,-0.11828026,-0.15396151,-0.03770616,-0.01114998,-0.04764451,-0.15881526,-0.12863402,-0.06334577,-0.01054287,-0.00225071,-0.00841143,-0.06017398,-0.00456504,-0.11224587,-0.10754276,-0.01834876,-0.06936052,-0.05948149,-0.06525581,-0.15667154,-0.03964539,-0.08936888,-0.01146847,-0.05012793,-0.08843660,-0.01929183,-0.02211770,-0.03120398,-0.01482329,-0.07066218,-0.00230023,-0.16870175,-0.03089366,-0.01091100,-0.13414106,-0.00772686,-0.09775685,-0.02836393,-0.08937465,-0.01018592,-0.08357956,-0.01022010,-0.10988637,-0.16150904,-0.16625938,-0.10023057,-0.16939916,-0.10701606,0.31492445,-0.00715792,-0.06283502,-0.10854377,-0.16796243,-0.16993532,-0.07754130,-0.02101539,-0.10572950,-0.07659806,-0.16898236,-0.01037684,-0.04449055,-0.02640119,-0.00001847,-0.00677787,-0.02429598,-0.01096868,-0.12186117,-0.03923048,-0.16677164,-0.09529596,-0.16994210,-0.06878086,-0.00100522,0.99983811,-0.04130765,-0.02751094,-0.15094045,-0.01477225,-0.01299573,-0.00137976,-0.02504841,-0.09579486,-0.03233927,-0.00170530,-0.11422718,-0.05398927,-0.16867749,-0.01384041,-0.16921875,-0.16465941,-0.07152285,-0.03509144,-0.01053072,-0.09906872,-0.00340914,-0.00488941,-0.02849931,-0.00673562,-0.13560276,-0.00257472,-0.15818639,-0.06337474,-0.02828298,-0.00259489,-0.04615544,-0.00755186,-0.08099896,-0.01906478,-0.01972925,-0.00693501,0.62199175,-0.01619142,-0.02109948,-0.07835790,-0.04048578,-0.01952090,-0.03882390,-0.08050338,-0.04194784,-0.09238266,-0.00083290,-0.04814141,-0.02492424,-0.14952452,-0.15549880,-0.06645754,-0.01249511,-0.02905448,-0.01657420,-0.15649872,-0.03394864,-0.11150216,-0.04934938,0.05309257,-0.06109741,-0.10955647,-0.02541126,-0.05905817,-0.09107854,-0.02415346,-0.01175986,-0.00253159,-0.01494123,-0.11490748,-0.04741768,-0.01101664,-0.04097226,-0.04501633,-0.03085127,-0.15304819,-0.12852155,-0.11950426,-0.00201872,-0.00062714,-0.02836861,-0.12091593,-0.03684780,-0.02708727,-0.01041782,-0.10495646,-0.01438466,-0.04550244,-0.05085851,-0.16154352,-0.15175129,-0.14525421,-0.00200882,-0.00896316,-0.14404923,-0.16497974,-0.00079474,-0.00153823,-0.11701684,-0.00829061,-0.15875080,-0.15904918,-0.00329017,-0.08764013,-0.10800323,-0.05001310,-0.06858683,-0.05902941,-0.00738323,-0.01686496,-0.13440934,-0.01671038,-0.00317570,-0.11415658,-0.00619529,-0.03938377,-0.02516935,-0.05172691,-0.05115711,-0.04276873,0.13349813,-0.00405387,-0.02751233,-0.02899072,-0.03112146,-0.11689147,-0.14683168,-0.02569945,-0.15326525,-0.02951979,-0.00777750,-0.14528017,-0.14018396,-0.13857253,-0.04100853,-0.10213737,-0.14011197,-0.09672812,-0.02544011,-0.03844511,-0.05086075,-0.08313606,-0.01346047,-0.06556639,0.24192116,-0.03130313,-0.09681434,-0.00247468,-0.06226232,-0.00596579,-0.01332792,-0.02392872,-0.02862806,-0.00813199,-0.00004631,-0.03004930,-0.05731118,-0.00149615,0.03210064,-0.12405811,-0.16835487,-0.00677109,-0.15836914,-0.04096865,-0.01384185,0.22483800,-0.01073982,-0.00114384,-0.00551206,-0.09057703,-0.00626199,-0.00122834,-0.00141181,-0.10888248,-0.11849807,-0.09278336,-0.01463789,-0.02588288,-0.04108718,-0.01689994,-0.00142192,-0.15748104,-0.12626272,-0.04816067,-0.05023341,-0.03108221,-0.00708736,-0.01966313,-0.09345232,-0.00683063,-0.00649978,-0.02720932,-0.02248720,-0.12307255,-0.03740268,0.49258506,-0.01438446,-0.06659276,-0.11120563,-0.03538197,-0.09472673,-0.01314232,-0.02732526,-0.14444163,0.13771188,-0.09019049,-0.01677749,-0.00291767,-0.00201364,-0.02315746,-0.04022527,-0.11632071,-0.02836614,-0.00885356,-0.00359230,-0.01364801,-0.00136028,-0.01345250,-0.12589604,-0.05463511,-0.10134889,-0.00585542,-0.04902910,-0.15179273,-0.16134441,-0.14822532,-0.13330497,-0.05325695,-0.03283248,-0.16133358,-0.00537150,-0.00653724,-0.11026751,-0.09544698,-0.06507615,-0.01401135,-0.00658119,-0.16500793,-0.16197850,-0.06652237,-0.16057815,-0.01027258,-0.02143816,-0.00153976,-0.04101093,-0.06837553,-0.16461815,0.40115941,-0.10624839,-0.01587358,-0.01767154,-0.08317102,-0.01256695,-0.00787084,-0.13161758,-0.04790562,-0.06106055,-0.02476976,-0.02000671,-0.11309661,-0.16985948,-0.00155141,-0.03118106,-0.02935547,-0.04499928,-0.07092142,-0.02651569,-0.04073736,-0.12124990,-0.01245318,-0.09162536,-0.10938980,-0.13930199,-0.00905251,-0.07162537,-0.00210963,-0.10288329,-0.14115317,-0.10879650,-0.05157572,-0.02354336,-0.02486117,-0.06029822,-0.02844048,-0.13613202,-0.01008234,-0.06507402,-0.03481173,-0.14539590,-0.07108609,-0.02908440,-0.16947813,-0.09524152,-0.11083099,-0.01425392,-0.16823880,-0.11427371,-0.07927737,-0.16447553,-0.00855260,-0.13674164,-0.16161160,-0.03691691,-0.12701572,-0.00574855,-0.01416765,-0.03903682,-0.02743483,-0.03606448,-0.01066449,-0.04051403,-0.05960651,-0.06047575,-0.00000000,-0.04621777,-0.16996957,-0.00319578,-0.06129081,-0.16548522,-0.08744229,0.00542155,-0.00232309,-0.02109638,-0.02926297,-0.00573425,-0.00182632,-0.00324108,-0.05829220,-0.16981454,-0.12102373,-0.03577152,-0.00631165,-0.02775166,-0.13052639,-0.09349337,-0.04895727,-0.04363963,-0.04618710,-0.00719606,-0.04326586,-0.01029526,-0.06279331,-0.16974843,-0.04309719,-0.00311715,-0.08151146,-0.10036898,-0.07404675,-0.04648671,-0.15313111,-0.00125153,-0.01688148,-0.02084921,-0.15776673,-0.03084643,-0.01340465,-0.00443411,-0.16369112,-0.00267328,-0.03440096,-0.01903534,-0.15798661,-0.13092597,-0.09855843,-0.12822163,-0.02622339,-0.16759507,-0.04337475,-0.01078412,-0.13573149,-0.16090584,-0.16696380,-0.13757685,-0.05112791,-0.15861909,-0.16569714,-0.14905468,-0.02994203,-0.00280344,-0.16953748,-0.02445699,0.88899809,-0.03205710,-0.14985114,-0.00847880,-0.10405073,-0.04499464,-0.11216490,-0.04076464,-0.07394166,-0.08147675,-0.14616908,-0.09809558,-0.03328244,-0.02476513,-0.00587658,-0.08111297,-0.13014200,-0.06266399,-0.05635161,-0.03550427,-0.11882774,-0.10240714,-0.02329096,-0.04230576,-0.03231129,-0.01749683,-0.04680372,-0.02773171,-0.03402499,-0.10822641,-0.02136493,-0.10517549,-0.02940684,-0.16952392,-0.00694806,-0.11334268,-0.11251870,-0.08951212,-0.16530986,-0.00764601,-0.16928098,-0.00606116,-0.02408105,-0.02278747,-0.14079534,-0.00728029,-0.07644176,-0.02160949,-0.04718327,-0.02218889,-0.03815154,-0.16431220,-0.10546160,-0.13568170,-0.03786096,-0.00288629,-0.08655832,-0.02905053,-0.00026935,-0.11829542,-0.02282634,-0.15544397,-0.00268905,-0.07991116,-0.01938634,-0.13873744,-0.01838756,-0.06186205,-0.00003030,-0.02996795,-0.01477045,-0.00375257,-0.07235666,-0.00947026,-0.00005868,-0.12482396,-0.12964401,-0.00820588,-0.15378423,-0.00212350,-0.01995156,-0.00747921,-0.05754615,-0.02500278,-0.10847956,-0.09810998,-0.08839301,-0.09139448,-0.01031045,-0.12768978,-0.08592138,-0.02130365,-0.00684959,-0.02567221,-0.04914250,-0.00418058,-0.05106299,-0.06333852,-0.04633536,-0.11952990,-0.01063568,-0.15183713,-0.07156274,-0.09797470,-0.04834596,-0.00103153,-0.03277351,-0.00963279,-0.14236966,-0.01286777,-0.02962913,-0.03388664,-0.03952812,-0.00475780,-0.04272300,-0.07781362,-0.01336356,-0.00055856,-0.05830868,-0.04344156,-0.00060825,-0.07035606,-0.16410740,-0.00038722,-0.08171836,-0.01974657,-0.07514481,-0.04286224,-0.07800709,-0.16947787,-0.04295044,-0.00081769,-0.00365516,-0.00088056,-0.04453899,-0.00694116,-0.12019190,-0.00877114,-0.05725940,-0.05447445,-0.08865453,-0.08059635,-0.07051643,-0.14758287,-0.06010667,0.02148642,-0.01136703,-0.10479365,-0.12959763,-0.00367779,-0.04953803,-0.00939050,-0.04907895,-0.11522666,-0.00158846,-0.10183533,-0.00681575,-0.00025373,-0.14881437,-0.11643850,-0.00472362,-0.00184165,-0.02557653,-0.00376969,-0.07292274,-0.00049780,-0.01110964,-0.02532680,-0.12791526,-0.00271334,-0.00322005,-0.00541307,-0.00102964,-0.07053143,-0.00979344,-0.05983426,-0.13435377,-0.09520329,-0.00617020,-0.06636588,-0.03866500,-0.15058140,-0.00826625,-0.00000016,-0.00607078,-0.00371756,-0.04833081,-0.05092403,-0.14716211,-0.00502472,-0.10878602,-0.16937394,-0.05864352,-0.08037697,0.17504019,-0.08101081,-0.02165741,-0.11352739,-0.16993272,-0.15558077,-0.01809517,-0.00902604,-0.00129927,-0.06485058,-0.11584432,-0.10847182,-0.15767707,-0.05490557,-0.00177313,-0.04245880,-0.05965516,-0.01676095,-0.03208371,-0.04901591,-0.13176954,-0.16996519,-0.00009226,-0.15449071,-0.11282012,-0.01018939,-0.04156154,-0.01795498,-0.01405747,0.00693132,-0.14601354,-0.13118398,-0.06778565,-0.00223555,-0.01209524,-0.04216303,-0.00891465,-0.09286217,-0.05001390,-0.01263176,-0.06951305,-0.00365117,-0.02680656,-0.13129717,-0.10213546,-0.01271024,-0.00483727,-0.02606414,-0.10978694,-0.09422009,-0.09024967,-0.00053507,-0.11413369,-0.05396651,-0.09008126,-0.04223735,-0.14447187,-0.12000024,-0.15430699,1.71207392,-0.06458369,-0.00385262,-0.05672023,-0.12490819,-0.16960151,-0.15002683,-0.00652114,-0.00271148,-0.00761884,-0.02109101,-0.03025488,-0.05752223,-0.03298902,-0.00556323,-0.07407508,-0.08709177,-0.14906065,-0.03192980,-0.12209148,-0.00464664,-0.16360614,-0.03093673,-0.07909017,-0.00629297,-0.00683770,-0.01557231,-0.01815411,-0.05786295,-0.12483308,0.27247038,-0.04141533,-0.02825502,-0.16893230,-0.14992040,-0.04232331,-0.05934481,-0.03582414,-0.07078728,-0.04493008,50.89833832,-0.00212985,-0.01065077,-0.16964249,-0.13840221,-0.15928669,-0.11303229,-0.00930257,-0.02534601,-0.14761099,-0.03379561,-0.01127818,-0.00073940,-0.05459982,-0.01573751,-0.16755129,-0.01338474,-0.12815474,-0.02312345,-0.03620042,-0.03293646,-0.00548199,-0.03877915,-0.08026619,-0.16396745,-0.09273306,-0.00717090,-0.02630462,-0.14113289,-0.08618005,-0.13969861,-0.03816158,-0.01132938,-0.16292115,-0.01614825,-0.15632439,-0.00615335,-0.05471417,-0.15173426,-0.16803490,-0.00789264,-0.08483929,-0.01686521,-0.14930923,-0.00109911,-0.16995899,-0.01742055,-0.14228670,-0.03951245,-0.16983174,-0.01280819,-0.03479154,-0.03570754,-0.00431441,-0.00600641,-0.01679346,-0.14786793,-0.13495640,0.16947092,-0.12339595,-0.01800921,-0.03887428,-0.16198206,-0.00801221,-0.02770548,-0.12285002,-0.03339992,-0.01382128,-0.03272861,-0.03944039,-0.06800974,-0.12567431,-0.13325605,-0.07340077,-0.14169374,-0.05234806,-0.01962456,-0.13366976,-0.00665773,-0.02397824,0.15964289,-0.00587986,-0.07672767,-0.03571047,0.35104409,-0.00459758,-0.15517259,-0.09607446,-0.01116870,-0.02025008,0.01780800,-0.01737154,-0.02185431,-0.01183524,-0.13351060,-0.04111601,-0.00000191,-0.06985074,-0.00197844,-0.01151156,-0.03300186,-0.01111006,-0.12660569,-0.15994363,-0.00065738,-0.14162892,-0.06524621,-0.10020448,-0.14700541,-0.06440431,-0.01627407,-0.02187091,-0.00243759,-0.13080318,-0.06254085,-0.16920495,0.03834164,-0.06818624,-0.16533072,-0.08579958,-0.15085922,-0.03598060,-0.14427181,-0.02914940,-0.01748226,-0.02780553,-0.03352232,-0.10868723,-0.00759662,-0.05774174,-0.16943614,-0.02053284,-0.16316696,-0.06648076,-0.16189769,-0.16888806,-0.08011279,-0.07290249,-0.14615214,-0.01907315,-0.02160262,-0.00111772,-0.13306548,-0.09702305,-0.11136837,-0.01193503,-0.05322578,-0.15241292,-0.00209934,0.26771200,-0.06787165,-0.03611327,-0.07598330,-0.15234424,-0.01377363,-0.00771279,-0.00063533,-0.00770396,-0.13699873,-0.05668541,-0.00472472,-0.16567877,-0.00000000,-0.12739576,-0.03270005,-0.03830336,0.28837705,-0.05151104,-0.13538295,-0.08007839,-0.06676619,-0.02888309,-0.05945349,-0.16481481,-0.00310966,-0.11612390,-0.05632215,-0.02678231,-0.00603455,-0.14074595,-0.00733326,-0.16182880,-0.00370106,-0.16370046,-0.00645629,-0.16850878,-0.04967232,-0.13775326,-0.15845424,-0.00252673,-0.10473035,-0.00059179,-0.12326531,-0.02347523,-0.05417453,-0.14235364,-0.04784643,-0.09191243,-0.13130926,-0.03962524,-0.00401536,-0.00501008,-0.00962205,-0.05355357,-0.13639526,-0.06812907,-0.16479321,-0.15150070,-0.13649534,-0.10803521,0.13310680,-0.16859730,0.17708829,-0.01179483,-0.06407859,-0.12928669,-0.00835167,0.15655828,-0.01117731,-0.11998153,-0.16518173,-0.09823007,-0.09136026,-0.02148243,-0.01768223,-0.01792878,-0.01634911,-0.12358376,-0.00076872,-0.01015957,1.27278244,-0.01383470,-0.16448133,-0.04530104,-0.11829600,-0.14975490,-0.02663813,-0.10318661,-0.09668240,-0.02147044,-0.03336290,-0.04899532,-0.01991791,-0.00227250,-0.05685409,-0.03322825,-0.00538006,-0.13640606,-0.10482402,-0.09004917,-0.13238060,-0.00057032,-0.10318585,-0.01984849,-0.05945679,-0.02592977,-0.09534582,-0.16910584,-0.12264238,-0.13630559,-0.01431158,-0.00510459,-0.04499970,-0.03197318,-0.06389673,-0.02435937,-0.00062367,-0.01883067,-0.01815041,-0.02790959,-0.02103980,-0.03133443,-0.08503839,-0.16859719,-0.06653871,-0.01209430,-0.05363257,-0.00062901,-0.02868608,-0.03427235,-0.03165163,-0.04839270,-0.10552019,-0.15520249,-0.07413618,-0.11759119,-0.08914980,-0.02814404,-0.15339623,-0.08636937,-0.01780467,-0.00160079,-0.11686327,-0.13047080,-0.12371396,-0.03118309,-0.00070021,-0.12183048,-0.00353853,-0.05054161,-0.00745354,-0.05983020,-0.00621114,-0.00460650,-0.04729877,-0.12557434,-0.01151997,-0.13488927,-0.01270605,-0.08455398,-0.01729976,-0.05003799,-0.02366142,-0.04272055,-0.07152489,-0.01537990,-0.08182771,-0.13701825,-0.04857101,-0.15966913,-0.09845998,-0.11039491,-0.16468571,-0.00904080,-0.01988485,-0.03176558,-0.04544512,-0.01434188,-0.06630982,-0.00212488,-0.15345925,-0.13141930,-0.01661271,-0.00893827,-0.04999022,-0.10354818,1.28766942,-0.02801812,-0.13184673,-0.03898646,-0.16644828,-0.00349350,-0.15301304,-0.04282979,-0.00317014,-0.16978410,-0.00006045,-0.00098887,-0.09916805,-0.14440356,-0.08033347,-0.06019157,-0.05100083,-0.14470705,-0.16731827,-0.02842837,-0.01785495,-0.04220022,-0.02470494,-0.01775204,-0.00468350,-0.00926067,-0.16974282,-0.07148569,-0.00538030,-0.13009466,-0.00600664,-0.01913895,-0.10783869,-0.16949658,-0.10385074,-0.04221759,-0.00270445,-0.09811530,-0.15719923,-0.00173770,-0.16779673,-0.12777579,-0.15414713,-0.01176804,-0.14470954,-0.04131180,-0.03781682,-0.03150066,-0.12261126,-0.04670161,-0.00006960,-0.06698360,-0.02946097,-0.06209722,-0.02447850,-0.09858187,-0.13160534,-0.01332007,-0.00974807,-0.00782649,-0.05768154,-0.13714087,0.96703893,0.63095033,-0.12703426,-0.06552210,-0.07625061,-0.00281540,0.75990975,-0.00922899,-0.00544758,-0.00464853,-0.03589082,-0.02111294,-0.11456304,-0.07413400,-0.12760207,-0.00084818,-0.02026669,-0.16588543,-0.01667443,-0.10601395,-0.16223460,-0.10863256,-0.06646666,-0.02052318,-0.07039975,-0.13057077,-0.04095328,0.38619334,-0.08422760,-0.01722416,-0.02870376,-0.00813206,-0.04707874,-0.12700412,-0.00558372,-0.10853428,-0.16378723,-0.01174624,-0.16981937,-0.15364920,-0.02451201,-0.00593342,-0.09462560,-0.13396035,-0.04993882,-0.00077850,-0.08525344,-0.16868989,-0.04027723,-0.07688823,-0.08161563,-0.00732789,-0.03096010,-0.02935945,-0.11565848,-0.00747627,-0.00331386,-0.13993363,-0.01721604,-0.00248580,-0.02728789,-0.05168930,0.03209135,-0.06473202,-0.12180439,-0.16112182,-0.01151977,-0.00358102,-0.01935343,-0.02234066,-0.13859566,-0.01086590,-0.05852989,-0.10688853,-0.00218786,-0.16631003,-0.10956603,-0.10043568,-0.16344281,-0.04077830,-0.14302067,-0.01425834,-0.06309304,-0.00162837,-0.13667805,0.05899948,0.01726820,-0.16991097,-0.04534331,-0.00168135,-0.00214474,-0.06060456,-0.07536049,-0.10174246,-0.05420951,-0.00287394,-0.04534402,-0.01168228,-0.03150348,-0.00455241,-0.01376005,-0.16373128,-0.05103068,-0.06803028,-0.04469155,-0.00548192,0.12242822,-0.16421367,-0.02565475,-0.03274592,-0.00599814,-0.16736527,-0.16632359,-0.00265649,-0.06839748,0.43155232,-0.00998130,-0.01552686,-0.01842542,-0.00477838,-0.10303894,-0.02655577,-0.04839567,-0.04161008,-0.03627677,-0.11981700,-0.06115669,-0.02360237,-0.04025704,-0.16121770,-0.00938726,-0.16867284,-0.00695873,-0.01242400,-0.00361221,-0.02459067,-0.00789511,-0.00725032,-0.02431507,-0.05168438,-0.13249955,-0.05102741,-0.15170811,-0.00538431,-0.14335488,-0.00905372,-0.03293061,-0.04586188,-0.15896162,-0.09995846,-0.13082568,-0.09933053,-0.10275473,-0.01594343,-0.04595340,-0.03956073,-0.16418365,-0.03218785,-0.03112848,0.12165378,-0.00893357,-0.09187930,-0.00048903,-0.04097182,-0.16993365,-0.06887089,-0.12955166,-0.11114289,-0.08573350,-0.02870338,-0.02016148,-0.03359327,12.48251343,-0.12635592,-0.13116293,-0.01680427,-0.00211757,-0.16354568,-0.03752543,-0.00324910,-0.01133959,-0.04060255,-0.10005340,-0.02274444,-0.03455701,-0.13743126,-0.16149461,-0.04720158,-0.03474153,-0.01574306,-0.04180195,-0.13525482,-0.05774828,-0.10992631,-0.08626746,-0.10941719,-0.14746425,-0.10295725,-0.03104125,-0.03710688,-0.02872292,-0.01039463,-0.07488753,-0.00998159,0.71955955,-0.02165256,-0.00610925,-0.10282416,-0.09216962,-0.16895396,-0.05371682,-0.03991580,-0.00459277,-0.16089013,-0.02334187,-0.05242102,-0.00621250,-0.05395455,-0.08940202,-0.06445753,-0.02121686,-0.13725576,-0.06754294,-0.03323292,-0.00873402,-0.04816234,-0.09149837,-0.02071491,-0.14605504,-0.16560461,-0.16416082,-0.03677277,-0.01364532,-0.10263667,0.09710854,-0.00562750,-0.13065717,-0.09007542,0.94332403,-0.11910963,-0.00425670,-0.15966165,-0.16959523,-0.00244660,-0.16931312,-0.06146347,-0.10113843,-0.02003133,-0.01023517,-0.03616755,-0.16641741,-0.02837534,-0.04582050,-0.05131743,-0.01092088,-0.01700959,-0.00739587,-0.03169003,-0.06253617,-0.01220609,-0.09515788,-0.01353487,-0.04958176,-0.00782467,-0.07332527,-0.02137740,-0.01491421,-0.00178896,-0.10407653,-0.00760115,-0.06028542,-0.04524798,-0.05679002,-0.00080989,-0.00194072,-0.11105524,-0.00804191,-0.00072256,-0.00044749,-0.01764630,-0.16564833,-0.08489400,-0.06218759,-0.01258931,-0.10780524,-0.04880497,-0.13870831,-0.06191472,-0.03683449,-0.00093625,0.84305340,-0.11817653,-0.10020328,-0.16883063,-0.00008444,-0.11906349,-0.15383843,-0.16961840,-0.02638854,-0.16053076,-0.12390841,-0.00639200,0.15358083,-0.12522022,-0.03981458,-0.08318260,-0.01755344,-0.04848010,-0.01385096,-0.00304829,-0.02242622,-0.08958709,-0.00836606,-0.08549891,-0.10958719,-0.01278703,-0.00206528,-0.03425372,-0.08063860,-0.00000000,-0.07698881,-0.16704081,-0.01142488,-0.06921034,-0.14417168,-0.00002734,-0.08726613,-0.00231671,-0.07002149,-0.03545947,-0.04895632,-0.16813429,-0.11305348,-0.11576239,-0.00674800,-0.12574586,-0.10936213,-0.00006350,-0.05648490,-0.01736997,-0.02925217,-0.02378557,-0.12508592,-0.14025487,-0.01234337,-0.02422725,-0.08002497,-0.01510995,-0.05259256,-0.01932147,-0.00146023,-0.16945393,-0.13638586,-0.16945635,-0.06531779,-0.07204587,-0.01399364,-0.00418562,-0.00684491,-0.00319511,-0.00469114,-0.02418846,-0.15444082,-0.03044468,-0.01055240,-0.03134304,-0.14409775,-0.10033894,-0.00067691,-0.04722351,-0.08569407,-0.11238638,-0.00174901,-0.03571699,-0.00262856,-0.08716047,-0.03267703,-0.02672686,-0.12533075,-0.07371262,-0.11808256,-0.04484878,-0.05993338,-0.13616815,-0.00334717,-0.00423636,-0.02378240,-0.09865563,-0.00169601,-0.08010349,-0.05360541,-0.01272603,-0.01235683,-0.02514645,-0.01840067,-0.00375491,-0.07256982,-0.04600570,-0.09444849,-0.05784430,-0.12762021,-0.01331954,-0.03373249,-0.16412452,-0.01134961,-0.01329855,-0.04733822,-0.09754238,-0.04089972,-0.06012059,-0.02700938,-0.08007045,-0.00319080,-0.02573960,-0.10751972,-0.06377853,-0.07912849,-0.14345206,-0.00418770,-0.16947593,-0.16992795,-0.00602879,-0.07580444,-0.00059745,-0.03981690,-0.05037180,-0.03160593,-0.07671320,-0.05114900,-0.12324174,-0.14356798,-0.00232551,-0.05844198,-0.16095620,-0.01343575,-0.01039823,-0.03760820,-0.02734185,-0.05924726,-0.00060042,-0.02042958,-0.01042674,-0.12012596,-0.02321751,-0.00347670,-0.00405643,-0.15934630,-0.16391088,-0.08379191,-0.09709737,-0.14102004,-0.12891380,-0.10150972,-0.16995613,-0.06058885,-0.06467772,-0.03234695,-0.15950556,-0.15910855,-0.08857632,-0.05069354,-0.02065868,-0.16292815,-0.01257583,-0.15212761,-0.00148891,-0.13162398,-0.06027029,-0.01655667,-0.04397773,-0.01052906,-0.12059702,-0.02008769,-0.00002956,-0.00719068,-0.00989692,-0.03749627,-0.04207786,-0.04102223,-0.00041893,-0.03528711,-0.00904371,-0.01077779,-0.02653692,-0.16740412,-0.04416282,-0.15675732,-0.14572288,-0.04856973,-0.15671918,-0.07550943,-0.08476035,-0.00229116,-0.14099470,-0.12956683,-0.16964541,-0.09497870,-0.05005017,-0.01609479,-0.01739530,-0.08666549,-0.05549493,-0.00489215,-0.06087615,-0.16033594,-0.10816697,-0.16749547,-0.01427793,-0.09168028,-0.06116033,-0.00209227,-0.15178229,-0.00388326,-0.06974425,-0.06345680,-0.02347997,-0.13035925,-0.16260593,-0.00000549,-0.00494578,-0.08441532,-0.06023915,-0.03344823,-0.01876995,-0.14925757,-0.01986949,-0.01064911,-0.05557672,-0.00092493,-0.04733916,-0.07430417,-0.05286807,-0.00171950,-0.00322560,-0.01927611,-0.00051752,-0.00695711,-0.11111407,-0.03661168,-0.05596632,-0.02829223,-0.05320344,-0.03313149,-0.04502513,-0.02922475,-0.03582522,-0.09228903,-0.15871938,-0.01519653,-0.01101938,-0.02211052,-0.02413555,-0.05887826,-0.05850775,-0.03294157,-0.01275719,-0.01016285,-0.01274115,-0.08402115,-0.08162303,-0.10057117,-0.03545047,-0.01557577,-0.00799952,-0.00995654,-0.01140135,-0.15758795,-0.04809830,-0.00892852,-0.09544397,-0.02800396,-0.16984187,-0.14081910,-0.05702129,-0.00105138,-0.15348150,-0.09630717,-0.09554435,-0.06922539,-0.12070261,-0.09941629,-0.00792696,-0.06334841,0.22359549,-0.06488901,-0.00477453,-0.01396383,-0.03147780,-0.03486641,-0.13084209,-0.01035690,-0.07219861,-0.08874984,-0.01707274,-0.07950182,-0.07679290,-0.00256723,-0.03066977,-0.03257881,-0.07161193,-0.00296886,-0.02569916,-0.08682121,-0.01030282,0.03768017,-0.00065030,-0.02855481,-0.01852657,-0.05037536,-0.04961955,-0.01099362,-0.02346501,-0.05585077,-0.11040223,-0.07500347,-0.16375601,-0.01235335,-0.00024391,-0.06193284,-0.00371472,-0.03821190,-0.03797211,-0.00150729,-0.00667654,-0.09505509,-0.01370350,-0.03200317,-0.12462726,-0.12913796,-0.04403653,-0.07627327,-0.04714007,-0.02705584,-0.00244556,-0.12372293,-0.10165154,-0.11074093,-0.11997700,-0.01241744,-0.08382699,-0.05824779,-0.07323594,-0.14803274,-0.03413260,-0.00908408,-0.00628807,-0.14530128,-0.00000000,-0.00000000,-0.07920796,-0.00022988,-0.06837060,-0.03633439,-0.00383515,-0.00782656,-0.14793921,-0.05251211,-0.09066065,-0.00650496,-0.00958547,-0.09042668,-0.09155435,-0.06358094,-0.09728540,-0.00000317,-0.14781162,-0.01336614,-0.11948568,-0.03861948,-0.14992318,-0.04189970,-0.00577810,-0.01742642,-0.02589570,-0.06345797,-0.03541538,-0.03972836,-0.00944258,-0.09315970,-0.04299551,-0.03062577,-0.01101040,-0.00066583,-0.12508850,-0.03693487,-0.00638185,-0.00087655,-0.11355342,-0.03802158,-0.00144159,-0.03288288,-0.08961410,-0.01487261,-0.00398672,-0.03502416,-0.00687337,-0.02437069,-0.14915462,-0.10901105,0.42019865,-0.15023045,-0.10983805,-0.07607875,-0.06755564,-0.01203513,-0.03122792,-0.08837427,-0.05139627,-0.01417874,-0.01611508,-0.03906370,-0.02056577,-0.00004114,-0.09374058,-0.03336516,-0.03879821,-0.15606083,-0.00160996,-0.07908945,-0.00232205,-0.01563427,-0.04456414,-0.09063499,-0.09582899,-0.01411620,-0.05076317,-0.03985373,-0.02558430,-0.05663942,-0.16712818,-0.08192883,-0.01496238,-0.01962705,-0.04774572,-0.11085875,-0.03551029,-0.14795093,-0.07138394,-0.09856559,-0.00546137,-0.01197252,-0.07801275,-0.04677107,-0.05021977,-0.00319635,-0.00134105,-0.01702031,-0.02828655,-0.12728807,-0.09630041,-0.00362550,-0.08025374,-0.03148987,-0.06268867,-0.05885050,-0.01504689,-0.14571747,-0.04686173,-0.03723719,-0.01846223,-0.03772758,-0.00790637,-0.04637917,-0.00066043,-0.02269038,-0.01208003,-0.01569338,-0.00091969,-0.09008083,-0.08099855,-0.13992029,-0.03841387,-0.01789409,-0.01148554,-0.12811862,-0.15731497,-0.07248950,-0.05633572,-0.11449695,-0.00555739,-0.01099115,-0.06566526,-0.00093093,-0.02911147,-0.00440292,-0.16595906,-0.08174787,1.10929394,-0.01191581,-0.00596040,-0.15751624,-0.01057773,-0.01490280,-0.12823109,-0.01891080,-0.01983773,-0.00191473,-0.00106490,-0.00985387,-0.01067930,-0.12447508,-0.00261760,-0.00219471,-0.01077106,-0.00870702,-0.01816104,-0.00089928,-0.04534120,-0.08308731,-0.00829471,-0.12234149,-0.02275403,-0.04541928,-0.01275321,0.13490187,-0.06269313,-0.02254255,-0.05924042,-0.03098989,-0.08876912,-0.02924522,-0.05954305,-0.00956283,-0.14206338,-0.10874312,-0.11560397,-0.11024166,-0.10657377,-0.11210581,-0.00013545,-0.09773528,-0.00051321,-0.00143413,-0.00697579,0.12713611,-0.10652143,-0.00344560,-0.13357507,-0.07712880,-0.01119001,-0.16511363,-0.00750602,-0.00596913,0.37042251,-0.02893848,-0.14768407,-0.09712882,-0.08269974,-0.00144441,-0.02066712,-0.00176032,-0.09987409,-0.10525922,-0.16900885,-0.14902571,-0.01216934,-0.11839191,-0.06845842,-0.03337486,-0.00302318,-0.00479815,-0.08714012,-0.07356107,-0.01036298,-0.06435119,-0.07345385,-0.15892771,-0.12184602,-0.01857075,-0.04683277,-0.00222559,-0.01782930,-0.00774078,-0.09878742,-0.07994840,0.52643114,-0.00061409,-0.03076207,-0.00005619,-0.05543138,-0.14986089,-0.13801870,-0.16082497,-0.07314827,-0.07921273,-0.00702469,-0.13268059,-0.01034572,-0.02014497,-0.16416205,-0.01942344,-0.10922794,-0.03614588,-0.12271622,-0.02970836,-0.08648196,-0.10482116,-0.15706432,-0.07267708,-0.08526071,-0.02430046,-0.11440568,-0.00945814,-0.01753351,-0.01134763,-0.06254281,-0.00142975,-0.07097271,-0.05382807,-0.16762908,-0.09602335,-0.05249757,-0.03415177,-0.01647970,-0.02200731,-0.00188216,-0.00776439,-0.01256528,-0.16694728,-0.10995080,-0.00000016,-0.01231561,-0.04506858,-0.01122142,-0.03456848,-0.11006461,-0.01214709,-0.09267168,-0.04445235,-0.01481451,-0.02506587,-0.03318111,-0.15857077,-0.00085950,-0.00785383,-0.04062828,-0.13510475,-0.00144550,-0.01255506,-0.09159303,-0.09338392,-0.10614396,-0.00025628,-0.07730657,-0.00195111,-0.04090108,-0.11015714,-0.12811178,-0.05473920,-0.03006522,0.17369978,-0.02165800,-0.15375730,-0.02671963,-0.02237920,-0.07602863,-0.08799299,-0.16721937,-0.01549616,-0.07511331,-0.07455000,-0.02414464,-0.04216462,-0.02387607,-0.15807679,-0.00052766,-0.15251160,-0.12845291,0.27184874,-0.00964486,-0.04349983,-0.16475123,-0.16536890,-0.02189961,-0.01104149,-0.12318143,-0.00889842,-0.07640851,-0.05841966,-0.00425599,-0.04584190,-0.00885556,-0.00182631,-0.08420108,-0.03786428,-0.00545151,-0.04621390,-0.00870981,-0.00841186,-0.02311540,-0.05384784,-0.05151006,-0.02545675,-0.04957330,-0.16858868,-0.09954858,-0.03285279,-0.07798442,-0.00604722,-0.12188845,-0.00151499,-0.05466567,-0.00093796,-0.01854389,-0.16369879,-0.05092785,-0.03035586,-0.00746894,-0.07887042,-0.03457714,-0.01368670,-0.02799191,-0.03299718,0.53384835,-0.13293429,-0.00557174,-0.05847108,-0.03328601,-0.08269694,-0.00988245,-0.02255017,-0.05411699,-0.01138726,-0.12665415,-0.12697740,-0.11135996,-0.04506045,-0.01524238,-0.14826104,-0.12335058,-0.02497796,-0.06066672,-0.02207110,-0.00899599,-0.08858527,-0.01244094,-0.16974959,-0.00000669,-0.07678449,-0.02471392,-0.00573043,-0.05083432,0.15404601,-0.00365394,-0.10270540,-0.12742428,-0.08164179,-0.00980464,-0.02414310,-0.01750158,-0.06673364,-0.08555058,-0.10154752,-0.02748648,-0.00657880,-0.03200774,-0.02281980,-0.05873024,-0.04655004,-0.01283432,-0.10796254,-0.06840674,-0.08115971,-0.01056048,-0.16979784,-0.03030600,-0.09984675,-0.15083662,-0.05213690,-0.10408968,-0.03404652,-0.05770448,-0.02903592,-0.16620365,-0.15230764,-0.05300307,-0.15356985,-0.00955546,-0.16859518,-0.00001847,-0.00563853,-0.12239803,-0.02067851,-0.15455998,-0.04015825,-0.02480413,-0.10112248,-0.06052914,-0.00141837,-0.16819596,-0.09992988,-0.16181649,-0.00012907,-0.03947169,-0.02215363,0.51657438,-0.00077608,-0.16886969,-0.06955384,-0.00494250,-0.14015360,-0.14464131,-0.11033998,-0.00098102,-0.03397248,-0.04042688,-0.09251443,-0.16897522,-0.13111550,-0.14205393,-0.10642210,-0.14570235,-0.03125073,-0.16511455,-0.03955137,-0.04145307,-0.12753704,-0.04248285,-0.01122135,-0.04426358,-0.04413673,-0.08452687,-0.03525969,-0.10875513,-0.00169869,0.46279633,-0.01947158,0.17150322,-0.12586805,-0.13034099,-0.00096473,-0.04380215,-0.09366758,-0.14250787,-0.08601438,-0.00351095,-0.05721483,-0.01583698,-0.10615262,-0.10219482,-0.10818629,-0.09623420,-0.13891938,-0.05964997,-0.08824956,-0.11219534,-0.02233855,-0.06851997,-0.01036063,-0.11485035,-0.01924796,-0.00510163,-0.01932427,-0.01633791,-0.01894487,-0.03736736,-0.03365524,-0.00455785,-0.01516306,-0.02990021,-0.16909613,-0.00871759,-0.04615497,-0.16347113,-0.09033141,-0.10496610,-0.12784950,-0.08661804,-0.05668277,-0.05193304,-0.10034752,-0.14201182,0.48218581,-0.01289302,-0.07860783,-0.04160963,-0.03734809,-0.05048531,-0.09881563,-0.00555662,-0.02301785,-0.01865697,-0.16275363,-0.00471245,-0.03480913,-0.02088094,-0.11783420,-0.00391410,-0.01916829,-0.04254431,-0.08130214,-0.10187839,-0.01349320,-0.01583487,-0.15006053,-0.02262634,-0.15687327,-0.10946545,-0.00191199,-0.01094928,-0.01210103,-0.15381598,-0.02927061,-0.10059357,-0.07887597,-0.00072987,-0.07460357,-0.13856499,-0.00784103,-0.02593814,-0.01436197,-0.07584491,-0.14411610,-0.01812483,-0.01522884,-0.07173304,-0.13355406,-0.02718747,-0.16819455,-0.08033425,-0.11480889,-0.02055720,-0.00234273,-0.01135552,-0.00325117,-0.07407431,-0.11799688,-0.04080487,-0.07618821,-0.00953190,-0.09124368,-0.08067187,-0.01880531,-0.16417141,-0.08163750,-0.12336189,0.06864472,-0.04885006,-0.01026307,-0.00585587,-0.08060985,-0.00464617,-0.02434869,-0.09929487,-0.01871195,-0.10350725,-0.05245721,-0.06334151,-0.03571720,-0.05200613,-0.02977628,-0.14876403,-0.09459786,-0.03135090,-0.02554228,-0.00052896,-0.16994561,-0.01569299,-0.00036813,-0.07871623,-0.14605188,-0.01632247,-0.01258197,-0.15886109,-0.08534029,-0.16398712,-0.09425048,-0.01020975,-0.00896792,-0.04988231,-0.00786590,-0.14800248,-0.01814720,0.07805891,-0.05696051,-0.09409539,-0.07156774,-0.01143788,-0.00732436,-0.15818338,-0.05043845,-0.16372725,-0.07242544,-0.00015389,-0.15951653,-0.01215053,-0.03352043,-0.02304164,-0.06370445,-0.16974790,-0.01582863,-0.04032016,-0.00150358,-0.04100706,0.41962063,-0.06806257,-0.00162370,-0.10362250,-0.01838128,-0.02660869,-0.10979529,-0.02446496,-0.00175240,-0.01084571,-0.00841927,-0.02354109,-0.05646479,-0.02049353,-0.05587497,-0.10894547,-0.05494802,-0.00972775,-0.01873587,0.04577147,-0.16966714,-0.16552867,-0.02691559,-0.03406711,-0.01361293,-0.03573105,-0.06757989,-0.03118695,-0.05765453,-0.06795683,-0.05844514,-0.03485162,-0.02128766,-0.09641601,-0.16918002,-0.02251394,-0.11970031,-0.00416218,-0.00045663,-0.05377394,-0.00976264,-0.08327159,-0.00138836,-0.16978137,0.14677535,-0.00009330,-0.16808973,-0.00078130,-0.01120387,-0.12781864,-0.07735047,-0.06919672,-0.14561962,-0.09875835,-0.00715680,-0.15685382,-0.12678054,-0.08547565,-0.07651226,-0.04149463,-0.05182416,-0.02813029,-0.00615388,-0.09673975,-0.00130469,-0.11893421,-0.14601311,-0.00429155,-0.11552998,-0.16357486,-0.00493945,-0.00427202,-0.15884997,-0.11606856,-0.09391646,-0.14456457,-0.13685153,-0.16634697,-0.16987422,-0.07723144,-0.10255104,-0.01332073,-0.01910495,-0.11140529,-0.03873866,-0.12995394,-0.03535658,-0.06483717,-0.15920526,-0.00498809,-0.00029702,-0.01403742,-0.05657027,-0.02249295,-0.01846254,-0.02596147,-0.01547703,-0.06426334,-0.02116870,-0.10559226,-0.07661043,-0.16438048,-0.12690254,-0.00561286,-0.13919605,-0.15874758,-0.09748715,-0.01048622,-0.04079497,-0.01636510,-0.00020042,-0.00649656,-0.00308253,-0.09771855,-0.03692777,0.18837343,-0.03158159,-0.00630111,-0.09924807,-0.04228510,-0.13370454,-0.05739710,-0.12421552,-0.02495884,-0.01848881,-0.11693573,-0.01662518,-0.05907756,-0.02516046,-0.06436550,-0.01745260,-0.00063512,-0.03700904,-0.05685537,-0.01433343,-0.09585011,-0.16958283,-0.10301920,-0.08755459,-0.06873319,-0.12930967,-0.16987143,-0.14704745,-0.07877112,-0.04872302,-0.00581373,-0.14723946,-0.02690922,-0.03729387,-0.01607784,-0.00323536,-0.02652243,-0.09352632,0.10852555,-0.06672427,-0.13097417,-0.03563813,-0.04632771,-0.03246363,-0.00468932,-0.09891827,-0.00413207,0.33278564,-0.11193073,-0.11826131,-0.00652407,1.91256571,-0.12531248,-0.11358504,-0.07702606,-0.13394564,-0.16723394,-0.01017125,-0.12894335,-0.08453266,-0.03008834,-0.01941176,-0.09167290,-0.12698440,0.23860690,-0.00292095,-0.00276650,-0.03192119,-0.02744385,-0.06073632,-0.08592775,-0.00756349,-0.03565744,-0.16922629,-0.09922168,-0.00729294,-0.15386444,-0.00684067,0.05851676,-0.16697136,-0.01389371,-0.06874300,-0.00394105,-0.03270501,-0.00740797,-0.11069515,-0.03811765,-0.03801007,-0.06779577,-0.03939370,-0.00683212,-0.00919057,-0.00217648,-0.03930596,-0.00348908,-0.02943530,-0.08504247,-0.12665609,-0.02543863,-0.04182400,-0.01503304,-0.14695339,-0.09270331,-0.02616310,-0.04403191,-0.08355621,-0.00745817,-0.02657547,-0.04984156,-0.04415720,-0.03584106,-0.04954180,-0.01180180,-0.03262522,-0.04522977,-0.07161581,-0.01308391,-0.04633733,-0.11226836,-0.06215113,-0.11880666,-0.01506537,-0.01276233,-0.03517828,-0.02179101,-0.05237158,-0.02491590,-0.02442186,-0.06877373,-0.00401553,-0.10901233,-0.12580414,-0.03675365,-0.00949553,-0.01385187,-0.00855676,-0.03741971,-0.02605884,-0.03537688,-0.03774149,-0.01936620,-0.00059973,-0.05334551,-0.13071787,-0.09823877,-0.05750896,-0.11529075,-0.07389970,-0.15138498,-0.03610856,-0.00250700,-0.02239946,-0.03719322,-0.00593045,0.12754652,-0.09961282,-0.09669706,-0.02998139,-0.02209791,-0.13123830,-0.02570941,-0.11662918,-0.06039148,-0.00253048,-0.11351401,-0.00253398,-0.05481629,-0.02397905,-0.12587871,-0.07607356,-0.13457243,-0.02729814,-0.11956266,-0.00566120,-0.03141329,-0.00080314,-0.05210204,-0.07253235,-0.03190995,-0.16298249,-0.01242454,-0.05236460,-0.01016368,-0.03332727,-0.04675133,-0.00021276,-0.16762558,-0.01279580,-0.02513716,-0.15005887,-0.13485625,-0.03861542,-0.03212980
